  -3.00000   0.22973E+00
  -2.99000   0.26860E+00
  -2.98000   0.30984E+00
  -2.97000   0.35196E+00
  -2.96000   0.39343E+00
  -2.95000   0.43293E+00
  -2.94000   0.46954E+00
  -2.93000   0.50275E+00
  -2.92000   0.53232E+00
  -2.91000   0.55841E+00
  -2.90000   0.58133E+00
  -2.89000   0.60144E+00
  -2.88000   0.61908E+00
  -2.87000   0.63452E+00
  -2.86000   0.64804E+00
  -2.85000   0.65994E+00
  -2.84000   0.67042E+00
  -2.83000   0.67971E+00
  -2.82000   0.68798E+00
  -2.81000   0.69539E+00
  -2.80000   0.70206E+00
  -2.79000   0.70813E+00
  -2.78000   0.71368E+00
  -2.77000   0.71878E+00
  -2.76000   0.72353E+00
  -2.75000   0.72797E+00
  -2.74000   0.73216E+00
  -2.73000   0.73614E+00
  -2.72000   0.73995E+00
  -2.71000   0.74361E+00
  -2.70000   0.74715E+00
  -2.69000   0.75059E+00
  -2.68000   0.75395E+00
  -2.67000   0.75722E+00
  -2.66000   0.76043E+00
  -2.65000   0.76356E+00
  -2.64000   0.76664E+00
  -2.63000   0.76964E+00
  -2.62000   0.77258E+00
  -2.61000   0.77544E+00
  -2.60000   0.77821E+00
  -2.59000   0.78090E+00
  -2.58000   0.78349E+00
  -2.57000   0.78597E+00
  -2.56000   0.78834E+00
  -2.55000   0.79058E+00
  -2.54000   0.79268E+00
  -2.53000   0.79465E+00
  -2.52000   0.79645E+00
  -2.51000   0.79809E+00
  -2.50000   0.79955E+00
  -2.49000   0.80083E+00
  -2.48000   0.80192E+00
  -2.47000   0.80281E+00
  -2.46000   0.80350E+00
  -2.45000   0.80397E+00
  -2.44000   0.80422E+00
  -2.43000   0.80425E+00
  -2.42000   0.80405E+00
  -2.41000   0.80362E+00
  -2.40000   0.80296E+00
  -2.39000   0.80206E+00
  -2.38000   0.80092E+00
  -2.37000   0.79954E+00
  -2.36000   0.79792E+00
  -2.35000   0.79607E+00
  -2.34000   0.79397E+00
  -2.33000   0.79165E+00
  -2.32000   0.78910E+00
  -2.31000   0.78631E+00
  -2.30000   0.78331E+00
  -2.29000   0.78010E+00
  -2.28000   0.77668E+00
  -2.27000   0.77306E+00
  -2.26000   0.76926E+00
  -2.25000   0.76527E+00
  -2.24000   0.76112E+00
  -2.23000   0.75681E+00
  -2.22000   0.75236E+00
  -2.21000   0.74778E+00
  -2.20000   0.74309E+00
  -2.19000   0.73829E+00
  -2.18000   0.73342E+00
  -2.17000   0.72848E+00
  -2.16000   0.72350E+00
  -2.15000   0.71849E+00
  -2.14000   0.71347E+00
  -2.13000   0.70847E+00
  -2.12000   0.70349E+00
  -2.11000   0.69858E+00
  -2.10000   0.69374E+00
  -2.09000   0.68900E+00
  -2.08000   0.68439E+00
  -2.07000   0.67993E+00
  -2.06000   0.67564E+00
  -2.05000   0.67156E+00
  -2.04000   0.66770E+00
  -2.03000   0.66411E+00
  -2.02000   0.66079E+00
  -2.01000   0.65780E+00
  -2.00000   0.65516E+00
  -1.99000   0.65290E+00
  -1.98000   0.65106E+00
  -1.97000   0.64968E+00
  -1.96000   0.64879E+00
  -1.95000   0.64843E+00
  -1.94000   0.64865E+00
  -1.93000   0.64949E+00
  -1.92000   0.65099E+00
  -1.91000   0.65320E+00
  -1.90000   0.65617E+00
  -1.89000   0.65994E+00
  -1.88000   0.66457E+00
  -1.87000   0.67009E+00
  -1.86000   0.67655E+00
  -1.85000   0.68400E+00
  -1.84000   0.69247E+00
  -1.83000   0.70201E+00
  -1.82000   0.71266E+00
  -1.81000   0.72443E+00
  -1.80000   0.73739E+00
  -1.79000   0.75154E+00
  -1.78000   0.76695E+00
  -1.77000   0.78365E+00
  -1.76000   0.80165E+00
  -1.75000   0.82097E+00
  -1.74000   0.84148E+00
  -1.73000   0.86293E+00
  -1.72000   0.88481E+00
  -1.71000   0.90633E+00
  -1.70000   0.92656E+00
  -1.69000   0.94464E+00
  -1.68000   0.96013E+00
  -1.67000   0.97306E+00
  -1.66000   0.98392E+00
  -1.65000   0.99335E+00
  -1.64000   0.10019E+01
  -1.63000   0.10101E+01
  -1.62000   0.10180E+01
  -1.61000   0.10260E+01
  -1.60000   0.10339E+01
  -1.59000   0.10420E+01
  -1.58000   0.10504E+01
  -1.57000   0.10593E+01
  -1.56000   0.10688E+01
  -1.55000   0.10794E+01
  -1.54000   0.10913E+01
  -1.53000   0.11050E+01
  -1.52000   0.11209E+01
  -1.51000   0.11397E+01
  -1.50000   0.11618E+01
  -1.49000   0.11878E+01
  -1.48000   0.12182E+01
  -1.47000   0.12536E+01
  -1.46000   0.12943E+01
  -1.45000   0.13403E+01
  -1.44000   0.13911E+01
  -1.43000   0.14460E+01
  -1.42000   0.15033E+01
  -1.41000   0.15609E+01
  -1.40000   0.16160E+01
  -1.39000   0.16658E+01
  -1.38000   0.17074E+01
  -1.37000   0.17389E+01
  -1.36000   0.17591E+01
  -1.35000   0.17682E+01
  -1.34000   0.17671E+01
  -1.33000   0.17573E+01
  -1.32000   0.17409E+01
  -1.31000   0.17198E+01
  -1.30000   0.16957E+01
  -1.29000   0.16701E+01
  -1.28000   0.16441E+01
  -1.27000   0.16185E+01
  -1.26000   0.15939E+01
  -1.25000   0.15705E+01
  -1.24000   0.15485E+01
  -1.23000   0.15279E+01
  -1.22000   0.15088E+01
  -1.21000   0.14909E+01
  -1.20000   0.14743E+01
  -1.19000   0.14588E+01
  -1.18000   0.14443E+01
  -1.17000   0.14306E+01
  -1.16000   0.14177E+01
  -1.15000   0.14057E+01
  -1.14000   0.13946E+01
  -1.13000   0.13844E+01
  -1.12000   0.13752E+01
  -1.11000   0.13674E+01
  -1.10000   0.13609E+01
  -1.09000   0.13562E+01
  -1.08000   0.13533E+01
  -1.07000   0.13527E+01
  -1.06000   0.13545E+01
  -1.05000   0.13592E+01
  -1.04000   0.13670E+01
  -1.03000   0.13784E+01
  -1.02000   0.13937E+01
  -1.01000   0.14136E+01
  -1.00000   0.14386E+01
  -0.99000   0.14693E+01
  -0.98000   0.15060E+01
  -0.97000   0.15489E+01
  -0.96000   0.15973E+01
  -0.95000   0.16493E+01
  -0.94000   0.17017E+01
  -0.93000   0.17497E+01
  -0.92000   0.17882E+01
  -0.91000   0.18121E+01
  -0.90000   0.18183E+01
  -0.89000   0.18054E+01
  -0.88000   0.17742E+01
  -0.87000   0.17271E+01
  -0.86000   0.16681E+01
  -0.85000   0.16020E+01
  -0.84000   0.15336E+01
  -0.83000   0.14669E+01
  -0.82000   0.14051E+01
  -0.81000   0.13498E+01
  -0.80000   0.13019E+01
  -0.79000   0.12617E+01
  -0.78000   0.12289E+01
  -0.77000   0.12032E+01
  -0.76000   0.11844E+01
  -0.75000   0.11719E+01
  -0.74000   0.11656E+01
  -0.73000   0.11651E+01
  -0.72000   0.11697E+01
  -0.71000   0.11789E+01
  -0.70000   0.11918E+01
  -0.69000   0.12074E+01
  -0.68000   0.12247E+01
  -0.67000   0.12427E+01
  -0.66000   0.12604E+01
  -0.65000   0.12772E+01
  -0.64000   0.12928E+01
  -0.63000   0.13072E+01
  -0.62000   0.13207E+01
  -0.61000   0.13339E+01
  -0.60000   0.13473E+01
  -0.59000   0.13616E+01
  -0.58000   0.13773E+01
  -0.57000   0.13949E+01
  -0.56000   0.14146E+01
  -0.55000   0.14368E+01
  -0.54000   0.14615E+01
  -0.53000   0.14885E+01
  -0.52000   0.15180E+01
  -0.51000   0.15498E+01
  -0.50000   0.15839E+01
  -0.49000   0.16200E+01
  -0.48000   0.16582E+01
  -0.47000   0.16984E+01
  -0.46000   0.17405E+01
  -0.45000   0.17845E+01
  -0.44000   0.18302E+01
  -0.43000   0.18776E+01
  -0.42000   0.19264E+01
  -0.41000   0.19764E+01
  -0.40000   0.20274E+01
  -0.39000   0.20789E+01
  -0.38000   0.21305E+01
  -0.37000   0.21817E+01
  -0.36000   0.22321E+01
  -0.35000   0.22814E+01
  -0.34000   0.23292E+01
  -0.33000   0.23754E+01
  -0.32000   0.24196E+01
  -0.31000   0.24619E+01
  -0.30000   0.25022E+01
  -0.29000   0.25405E+01
  -0.28000   0.25766E+01
  -0.27000   0.26103E+01
  -0.26000   0.26416E+01
  -0.25000   0.26701E+01
  -0.24000   0.26957E+01
  -0.23000   0.27182E+01
  -0.22000   0.27374E+01
  -0.21000   0.27536E+01
  -0.20000   0.27668E+01
  -0.19000   0.27775E+01
  -0.18000   0.27859E+01
  -0.17000   0.27924E+01
  -0.16000   0.27975E+01
  -0.15000   0.28016E+01
  -0.14000   0.28049E+01
  -0.13000   0.28080E+01
  -0.12000   0.28110E+01
  -0.11000   0.28144E+01
  -0.10000   0.28182E+01
  -0.09000   0.28229E+01
  -0.08000   0.28284E+01
  -0.07000   0.28349E+01
  -0.06000   0.28424E+01
  -0.05000   0.28509E+01
  -0.04000   0.28605E+01
  -0.03000   0.28709E+01
  -0.02000   0.28821E+01
  -0.01000   0.28940E+01
   0.00000   0.29064E+01
   0.01000   0.29192E+01
   0.02000   0.29323E+01
   0.03000   0.29454E+01
   0.04000   0.29583E+01
   0.05000   0.29710E+01
   0.06000   0.29831E+01
   0.07000   0.29944E+01
   0.08000   0.30046E+01
   0.09000   0.30133E+01
   0.10000   0.30199E+01
   0.11000   0.30237E+01
   0.12000   0.30241E+01
   0.13000   0.30199E+01
   0.14000   0.30099E+01
   0.15000   0.29929E+01
   0.16000   0.29673E+01
   0.17000   0.29315E+01
   0.18000   0.28836E+01
   0.19000   0.28221E+01
   0.20000   0.27456E+01
   0.21000   0.26532E+01
   0.22000   0.25455E+01
   0.23000   0.24240E+01
   0.24000   0.22924E+01
   0.25000   0.21553E+01
   0.26000   0.20177E+01
   0.27000   0.18844E+01
   0.28000   0.17587E+01
   0.29000   0.16430E+01
   0.30000   0.15380E+01
   0.31000   0.14438E+01
   0.32000   0.13601E+01
   0.33000   0.12860E+01
   0.34000   0.12207E+01
   0.35000   0.11634E+01
   0.36000   0.11131E+01
   0.37000   0.10692E+01
   0.38000   0.10309E+01
   0.39000   0.99766E+00
   0.40000   0.96895E+00
   0.41000   0.94430E+00
   0.42000   0.92332E+00
   0.43000   0.90565E+00
   0.44000   0.89102E+00
   0.45000   0.87916E+00
   0.46000   0.86986E+00
   0.47000   0.86295E+00
   0.48000   0.85827E+00
   0.49000   0.85570E+00
   0.50000   0.85512E+00
   0.51000   0.85645E+00
   0.52000   0.85961E+00
   0.53000   0.86456E+00
   0.54000   0.87124E+00
   0.55000   0.87963E+00
   0.56000   0.88971E+00
   0.57000   0.90145E+00
   0.58000   0.91486E+00
   0.59000   0.92994E+00
   0.60000   0.94670E+00
   0.61000   0.96515E+00
   0.62000   0.98532E+00
   0.63000   0.10072E+01
   0.64000   0.10309E+01
   0.65000   0.10564E+01
   0.66000   0.10838E+01
   0.67000   0.11130E+01
   0.68000   0.11442E+01
   0.69000   0.11773E+01
   0.70000   0.12125E+01
   0.71000   0.12498E+01
   0.72000   0.12893E+01
   0.73000   0.13309E+01
   0.74000   0.13749E+01
   0.75000   0.14211E+01
   0.76000   0.14698E+01
   0.77000   0.15209E+01
   0.78000   0.15744E+01
   0.79000   0.16305E+01
   0.80000   0.16890E+01
   0.81000   0.17500E+01
   0.82000   0.18133E+01
   0.83000   0.18787E+01
   0.84000   0.19460E+01
   0.85000   0.20148E+01
   0.86000   0.20845E+01
   0.87000   0.21543E+01
   0.88000   0.22234E+01
   0.89000   0.22906E+01
   0.90000   0.23548E+01
   0.91000   0.24148E+01
   0.92000   0.24692E+01
   0.93000   0.25171E+01
   0.94000   0.25577E+01
   0.95000   0.25904E+01
   0.96000   0.26154E+01
   0.97000   0.26328E+01
   0.98000   0.26433E+01
   0.99000   0.26478E+01
   1.00000   0.26472E+01
   1.01000   0.26427E+01
   1.02000   0.26350E+01
   1.03000   0.26252E+01
   1.04000   0.26138E+01
   1.05000   0.26014E+01
   1.06000   0.25882E+01
   1.07000   0.25746E+01
   1.08000   0.25603E+01
   1.09000   0.25454E+01
   1.10000   0.25297E+01
   1.11000   0.25128E+01
   1.12000   0.24945E+01
   1.13000   0.24744E+01
   1.14000   0.24522E+01
   1.15000   0.24276E+01
   1.16000   0.24006E+01
   1.17000   0.23708E+01
   1.18000   0.23384E+01
   1.19000   0.23033E+01
   1.20000   0.22658E+01
   1.21000   0.22260E+01
   1.22000   0.21844E+01
   1.23000   0.21412E+01
   1.24000   0.20970E+01
   1.25000   0.20521E+01
   1.26000   0.20070E+01
   1.27000   0.19621E+01
   1.28000   0.19178E+01
   1.29000   0.18744E+01
   1.30000   0.18324E+01
   1.31000   0.17919E+01
   1.32000   0.17532E+01
   1.33000   0.17164E+01
   1.34000   0.16817E+01
   1.35000   0.16491E+01
   1.36000   0.16187E+01
   1.37000   0.15906E+01
   1.38000   0.15645E+01
   1.39000   0.15407E+01
   1.40000   0.15189E+01
   1.41000   0.14991E+01
   1.42000   0.14814E+01
   1.43000   0.14654E+01
   1.44000   0.14512E+01
   1.45000   0.14387E+01
   1.46000   0.14276E+01
   1.47000   0.14180E+01
   1.48000   0.14096E+01
   1.49000   0.14024E+01
   1.50000   0.13962E+01
   1.51000   0.13910E+01
   1.52000   0.13866E+01
   1.53000   0.13829E+01
   1.54000   0.13798E+01
   1.55000   0.13772E+01
   1.56000   0.13750E+01
   1.57000   0.13732E+01
   1.58000   0.13715E+01
   1.59000   0.13700E+01
   1.60000   0.13685E+01
   1.61000   0.13671E+01
   1.62000   0.13656E+01
   1.63000   0.13639E+01
   1.64000   0.13620E+01
   1.65000   0.13600E+01
   1.66000   0.13576E+01
   1.67000   0.13550E+01
   1.68000   0.13521E+01
   1.69000   0.13488E+01
   1.70000   0.13452E+01
   1.71000   0.13413E+01
   1.72000   0.13370E+01
   1.73000   0.13323E+01
   1.74000   0.13274E+01
   1.75000   0.13221E+01
   1.76000   0.13166E+01
   1.77000   0.13108E+01
   1.78000   0.13047E+01
   1.79000   0.12984E+01
   1.80000   0.12920E+01
   1.81000   0.12854E+01
   1.82000   0.12786E+01
   1.83000   0.12718E+01
   1.84000   0.12649E+01
   1.85000   0.12579E+01
   1.86000   0.12510E+01
   1.87000   0.12440E+01
   1.88000   0.12371E+01
   1.89000   0.12303E+01
   1.90000   0.12236E+01
   1.91000   0.12169E+01
   1.92000   0.12105E+01
   1.93000   0.12042E+01
   1.94000   0.11980E+01
   1.95000   0.11921E+01
   1.96000   0.11864E+01
   1.97000   0.11809E+01
   1.98000   0.11757E+01
   1.99000   0.11707E+01
   2.00000   0.11659E+01
   2.01000   0.11615E+01
   2.02000   0.11573E+01
   2.03000   0.11535E+01
   2.04000   0.11499E+01
   2.05000   0.11467E+01
   2.06000   0.11437E+01
   2.07000   0.11411E+01
   2.08000   0.11388E+01
   2.09000   0.11368E+01
   2.10000   0.11352E+01
   2.11000   0.11339E+01
   2.12000   0.11329E+01
   2.13000   0.11323E+01
   2.14000   0.11320E+01
   2.15000   0.11321E+01
   2.16000   0.11325E+01
   2.17000   0.11332E+01
   2.18000   0.11343E+01
   2.19000   0.11357E+01
   2.20000   0.11375E+01
   2.21000   0.11396E+01
   2.22000   0.11421E+01
   2.23000   0.11449E+01
   2.24000   0.11480E+01
   2.25000   0.11515E+01
   2.26000   0.11554E+01
   2.27000   0.11596E+01
   2.28000   0.11641E+01
   2.29000   0.11690E+01
   2.30000   0.11742E+01
   2.31000   0.11798E+01
   2.32000   0.11857E+01
   2.33000   0.11919E+01
   2.34000   0.11985E+01
   2.35000   0.12054E+01
   2.36000   0.12127E+01
   2.37000   0.12203E+01
   2.38000   0.12282E+01
   2.39000   0.12365E+01
   2.40000   0.12451E+01
   2.41000   0.12540E+01
   2.42000   0.12633E+01
   2.43000   0.12729E+01
   2.44000   0.12828E+01
   2.45000   0.12930E+01
   2.46000   0.13036E+01
   2.47000   0.13145E+01
   2.48000   0.13257E+01
   2.49000   0.13372E+01
   2.50000   0.13490E+01
   2.51000   0.13611E+01
   2.52000   0.13736E+01
   2.53000   0.13863E+01
   2.54000   0.13993E+01
   2.55000   0.14126E+01
   2.56000   0.14262E+01
   2.57000   0.14400E+01
   2.58000   0.14542E+01
   2.59000   0.14686E+01
   2.60000   0.14833E+01
   2.61000   0.14982E+01
   2.62000   0.15133E+01
   2.63000   0.15287E+01
   2.64000   0.15443E+01
   2.65000   0.15602E+01
   2.66000   0.15762E+01
   2.67000   0.15925E+01
   2.68000   0.16090E+01
   2.69000   0.16256E+01
   2.70000   0.16424E+01
   2.71000   0.16594E+01
   2.72000   0.16765E+01
   2.73000   0.16938E+01
   2.74000   0.17112E+01
   2.75000   0.17287E+01
   2.76000   0.17464E+01
   2.77000   0.17641E+01
   2.78000   0.17819E+01
   2.79000   0.17997E+01
   2.80000   0.18176E+01
   2.81000   0.18356E+01
   2.82000   0.18536E+01
   2.83000   0.18716E+01
   2.84000   0.18895E+01
   2.85000   0.19075E+01
   2.86000   0.19254E+01
   2.87000   0.19433E+01
   2.88000   0.19611E+01
   2.89000   0.19788E+01
   2.90000   0.19965E+01
   2.91000   0.20140E+01
   2.92000   0.20314E+01
   2.93000   0.20487E+01
   2.94000   0.20658E+01
   2.95000   0.20828E+01
   2.96000   0.20995E+01
   2.97000   0.21161E+01
   2.98000   0.21324E+01
   2.99000   0.21486E+01
   3.00000   0.21645E+01
