  -0.10000   0.10397E+01
  -0.09000   0.10521E+01
  -0.08000   0.10646E+01
  -0.07000   0.10772E+01
  -0.06000   0.10899E+01
  -0.05000   0.11027E+01
  -0.04000   0.11157E+01
  -0.03000   0.11288E+01
  -0.02000   0.11420E+01
  -0.01000   0.11553E+01
   0.00000   0.11687E+01
   0.01000   0.11822E+01
   0.02000   0.11958E+01
   0.03000   0.12095E+01
   0.04000   0.12233E+01
   0.05000   0.12372E+01
   0.06000   0.12511E+01
   0.07000   0.12651E+01
   0.08000   0.12792E+01
   0.09000   0.12933E+01
   0.10000   0.13075E+01
