 -26.68228  1.053204E-03
 -26.61564  1.061566E-03
 -26.54900  1.070031E-03
 -26.48236  1.078601E-03
 -26.41572  1.087277E-03
 -26.34908  1.096062E-03
 -26.28244  1.104958E-03
 -26.21580  1.113966E-03
 -26.14916  1.123088E-03
 -26.08252  1.132327E-03
 -26.01588  1.141684E-03
 -25.94923  1.151161E-03
 -25.88259  1.160760E-03
 -25.81595  1.170484E-03
 -25.74931  1.180335E-03
 -25.68267  1.190315E-03
 -25.61603  1.200426E-03
 -25.54939  1.210671E-03
 -25.48275  1.221052E-03
 -25.41611  1.231572E-03
 -25.34947  1.242233E-03
 -25.28283  1.253037E-03
 -25.21619  1.263988E-03
 -25.14955  1.275088E-03
 -25.08291  1.286339E-03
 -25.01627  1.297745E-03
 -24.94963  1.309309E-03
 -24.88298  1.321033E-03
 -24.81634  1.332921E-03
 -24.74970  1.344976E-03
 -24.68306  1.357200E-03
 -24.61642  1.369597E-03
 -24.54978  1.382171E-03
 -24.48314  1.394925E-03
 -24.41650  1.407862E-03
 -24.34986  1.420986E-03
 -24.28322  1.434301E-03
 -24.21658  1.447810E-03
 -24.14994  1.461518E-03
 -24.08330  1.475428E-03
 -24.01666  1.489544E-03
 -23.95002  1.503871E-03
 -23.88338  1.518413E-03
 -23.81673  1.533174E-03
 -23.75009  1.548159E-03
 -23.68345  1.563372E-03
 -23.61681  1.578819E-03
 -23.55017  1.594504E-03
 -23.48353  1.610431E-03
 -23.41689  1.626608E-03
 -23.35025  1.643037E-03
 -23.28361  1.659726E-03
 -23.21697  1.676679E-03
 -23.15033  1.693903E-03
 -23.08369  1.711402E-03
 -23.01705  1.729184E-03
 -22.95041  1.747255E-03
 -22.88377  1.765620E-03
 -22.81713  1.784287E-03
 -22.75048  1.803262E-03
 -22.68384  1.822553E-03
 -22.61720  1.842165E-03
 -22.55056  1.862108E-03
 -22.48392  1.882387E-03
 -22.41728  1.903012E-03
 -22.35064  1.923990E-03
 -22.28400  1.945330E-03
 -22.21736  1.967039E-03
 -22.15072  1.989128E-03
 -22.08408  2.011604E-03
 -22.01744  2.034477E-03
 -21.95080  2.057757E-03
 -21.88416  2.081454E-03
 -21.81752  2.105577E-03
 -21.75088  2.130138E-03
 -21.68423  2.155147E-03
 -21.61759  2.180615E-03
 -21.55095  2.206555E-03
 -21.48431  2.232977E-03
 -21.41767  2.259895E-03
 -21.35103  2.287321E-03
 -21.28439  2.315268E-03
 -21.21775  2.343749E-03
 -21.15111  2.372779E-03
 -21.08447  2.402373E-03
 -21.01783  2.432544E-03
 -20.95119  2.463310E-03
 -20.88455  2.494684E-03
 -20.81791  2.526685E-03
 -20.75127  2.559330E-03
 -20.68463  2.592635E-03
 -20.61798  2.626620E-03
 -20.55134  2.661303E-03
 -20.48470  2.696705E-03
 -20.41806  2.732845E-03
 -20.35142  2.769744E-03
 -20.28478  2.807425E-03
 -20.21814  2.845911E-03
 -20.15150  2.885224E-03
 -20.08486  2.925389E-03
 -20.01822  2.966432E-03
 -19.95158  3.008379E-03
 -19.88494  3.051257E-03
 -19.81830  3.095094E-03
 -19.75166  3.139921E-03
 -19.68502  3.185767E-03
 -19.61838  3.232664E-03
 -19.55173  3.280647E-03
 -19.48509  3.329748E-03
 -19.41845  3.380004E-03
 -19.35181  3.431452E-03
 -19.28517  3.484132E-03
 -19.21853  3.538083E-03
 -19.15189  3.593347E-03
 -19.08525  3.649969E-03
 -19.01861  3.707995E-03
 -18.95197  3.767471E-03
 -18.88533  3.828449E-03
 -18.81869  3.890979E-03
 -18.75205  3.955117E-03
 -18.68541  4.020920E-03
 -18.61877  4.088446E-03
 -18.55213  4.157758E-03
 -18.48548  4.228920E-03
 -18.41884  4.302001E-03
 -18.35220  4.377072E-03
 -18.28556  4.454207E-03
 -18.21892  4.533484E-03
 -18.15228  4.614986E-03
 -18.08564  4.698798E-03
 -18.01900  4.785010E-03
 -17.95236  4.873717E-03
 -17.88572  4.965018E-03
 -17.81908  5.059018E-03
 -17.75244  5.155826E-03
 -17.68580  5.255559E-03
 -17.61916  5.358337E-03
 -17.55252  5.464290E-03
 -17.48588  5.573552E-03
 -17.41923  5.686265E-03
 -17.35259  5.802581E-03
 -17.28595  5.922657E-03
 -17.21931  6.046662E-03
 -17.15267  6.174772E-03
 -17.08603  6.307176E-03
 -17.01939  6.444072E-03
 -16.95275  6.585670E-03
 -16.88611  6.732193E-03
 -16.81947  6.883879E-03
 -16.75283  7.040978E-03
 -16.68619  7.203757E-03
 -16.61955  7.372502E-03
 -16.55291  7.547512E-03
 -16.48627  7.729112E-03
 -16.41963  7.917644E-03
 -16.35298  8.113474E-03
 -16.28634  8.316995E-03
 -16.21970  8.528624E-03
 -16.15306  8.748809E-03
 -16.08642  8.978030E-03
 -16.01978  9.216802E-03
 -15.95314  9.465677E-03
 -15.88650  9.725250E-03
 -15.81986  9.996159E-03
 -15.75322  1.027909E-02
 -15.68658  1.057479E-02
 -15.61994  1.088407E-02
 -15.55330  1.120778E-02
 -15.48666  1.154686E-02
 -15.42002  1.190235E-02
 -15.35338  1.227534E-02
 -15.28673  1.266705E-02
 -15.22009  1.307878E-02
 -15.15345  1.351197E-02
 -15.08681  1.396819E-02
 -15.02017  1.444916E-02
 -14.95353  1.495677E-02
 -14.88689  1.549309E-02
 -14.82025  1.606042E-02
 -14.75361  1.666129E-02
 -14.68697  1.729850E-02
 -14.62033  1.797521E-02
 -14.55369  1.869481E-02
 -14.48705  1.946123E-02
 -14.42041  2.027879E-02
 -14.35377  2.115239E-02
 -14.28713  2.208754E-02
 -14.22048  2.309048E-02
 -14.15384  2.416832E-02
 -14.08720  2.532911E-02
 -14.02056  2.658217E-02
 -13.95392  2.793821E-02
 -13.88728  2.940965E-02
 -13.82064  3.101099E-02
 -13.75400  3.275924E-02
 -13.68736  3.467453E-02
 -13.62072  3.678086E-02
 -13.55408  3.910712E-02
 -13.48744  4.168844E-02
 -13.42080  4.456800E-02
 -13.35416  4.779960E-02
 -13.28752  5.145125E-02
 -13.22088  5.561041E-02
 -13.15423  6.039174E-02
 -13.08759  6.594908E-02
 -13.02095  7.249445E-02
 -12.95431  8.032949E-02
 -12.88767  8.990014E-02
 -12.82103  1.018971E-01
 -12.75439  1.174531E-01
 -12.68775  1.385652E-01
 -12.62111  1.690980E-01
 -12.55447  2.175236E-01
 -12.48783  3.059996E-01
 -12.42119  5.105610E-01
 -12.35455  1.252032E+00
 -12.28791  6.797762E+00
 -12.22127  4.557812E+00
 -12.15463  1.263178E+00
 -12.08798  1.237482E+00
 -12.02134  2.303064E+00
 -11.95470  1.671088E+00
 -11.88806  2.798834E+00
 -11.82142  1.415456E+00
 -11.75478  2.550310E+00
 -11.68814  7.049787E+00
 -11.62150  1.726223E+01
 -11.55486  6.286359E+00
 -11.48822  5.668097E+00
 -11.42158  7.419173E+00
 -11.35494  9.681926E+00
 -11.28830  1.149298E+01
 -11.22166  1.935590E+01
 -11.15502  1.171883E+01
 -11.08838  1.078918E+01
 -11.02173  9.577538E+00
 -10.95509  1.768717E+01
 -10.88845  3.522867E+01
 -10.82181  3.051314E+01
 -10.75517  1.388560E+01
 -10.68853  1.161277E+01
 -10.62189  1.542563E+01
 -10.55525  5.877075E+00
 -10.48861  3.270415E+00
 -10.42197  3.042543E+00
 -10.35533  6.603810E+00
 -10.28869  1.740805E+00
 -10.22205  7.475493E-01
 -10.15541  4.808937E-01
 -10.08877  3.568492E-01
 -10.02213  2.833479E-01
  -9.95548  2.340274E-01
  -9.88884  1.984300E-01
  -9.82220  1.714950E-01
  -9.75556  1.504320E-01
  -9.68892  1.335573E-01
  -9.62228  1.197859E-01
  -9.55564  1.083841E-01
  -9.48900  9.883661E-02
  -9.42236  9.077089E-02
  -9.35572  8.391130E-02
  -9.28908  7.805034E-02
  -9.22244  7.302988E-02
  -9.15580  6.872852E-02
  -9.08916  6.505311E-02
  -9.02252  6.193289E-02
  -8.95588  5.931557E-02
  -8.88923  5.716488E-02
  -8.82259  5.545935E-02
  -8.75595  5.419216E-02
  -8.68931  5.337233E-02
  -8.62267  5.302735E-02
  -8.55603  5.320800E-02
  -8.48939  5.399645E-02
  -8.42275  5.551960E-02
  -8.35611  5.797145E-02
  -8.28947  6.165166E-02
  -8.22283  6.703481E-02
  -8.15619  7.490149E-02
  -8.08955  8.660345E-02
  -8.02291  1.046461E-01
  -7.95627  1.341120E-01
  -7.88963  1.866661E-01
  -7.82298  2.942845E-01
  -7.75634  5.726921E-01
  -7.68970  1.708920E+00
  -7.62306  1.045776E+01
  -7.55642  2.832029E+00
  -7.48978  9.120526E-01
  -7.42314  1.239678E+00
  -7.35650  8.130593E-01
  -7.28986  6.951839E-01
  -7.22322  2.859026E+00
  -7.15658  1.596186E+00
  -7.08994  4.587119E-01
  -7.02330  3.180708E-01
  -6.95666  4.519340E-01
  -6.89002  1.863504E+00
  -6.82338  1.487557E+00
  -6.75673  3.895860E-01
  -6.69009  2.622248E-01
  -6.62345  3.586079E-01
  -6.55681  1.297059E+00
  -6.49017  1.914323E+00
  -6.42353  3.863769E-01
  -6.35689  1.840406E-01
  -6.29025  1.333827E-01
  -6.22361  1.266655E-01
  -6.15697  1.550324E-01
  -6.09033  2.645739E-01
  -6.02369  8.118348E-01
  -5.95705  3.991967E+00
  -5.89041  7.030918E-01
  -5.82377  2.429891E-01
  -5.75713  1.470715E-01
  -5.69048  1.530313E-01
  -5.62384  1.961358E-01
  -5.55720  1.805399E-01
  -5.49056  2.962757E-01
  -5.42392  1.099740E+00
  -5.35728  1.345933E+00
  -5.29064  4.337170E-01
  -5.22400  1.772915E-01
  -5.15736  1.068002E-01
  -5.09072  8.091759E-02
  -5.02408  7.188408E-02
  -4.95744  7.363095E-02
  -4.89080  8.910182E-02
  -4.82416  1.361113E-01
  -4.75752  2.691740E-01
  -4.69088  1.204331E+00
  -4.62423  1.599290E+00
  -4.55759  3.432878E-01
  -4.49095  1.486348E-01
  -4.42431  9.438344E-02
  -4.35767  7.470771E-02
  -4.29103  6.861346E-02
  -4.22439  7.110503E-02
  -4.15775  8.329920E-02
  -4.09111  1.133563E-01
  -4.02447  1.952702E-01
  -3.95783  5.336253E-01
  -3.89119  3.114957E+00
  -3.82455  1.145719E+00
  -3.75791  3.515433E-01
  -3.69127  1.738465E-01
  -3.62463  9.845153E-02
  -3.55798  7.434497E-02
  -3.49134  6.333158E-02
  -3.42470  5.876629E-02
  -3.35806  5.781077E-02
  -3.29142  5.952629E-02
  -3.22478  6.382353E-02
  -3.15814  7.130849E-02
  -3.09150  8.365971E-02
  -3.02486  1.050594E-01
  -2.95822  1.475482E-01
  -2.89158  2.581742E-01
  -2.82494  7.640722E-01
  -2.75830  3.252842E+00
  -2.69166  6.355812E-01
  -2.62502  3.247909E-01
  -2.55838  3.096703E-01
  -2.49173  4.073228E-01
  -2.42509  6.964076E-01
  -2.35845  1.757263E+00
  -2.29181  9.899589E+00
  -2.22517  5.250604E+00
  -2.15853  4.791281E+00
  -2.09189  2.395625E+00
  -2.02525  1.412106E+00
  -1.95861  4.819297E+00
  -1.89197  2.443692E+00
  -1.82533  9.207223E-01
  -1.75869  1.020073E+00
  -1.69205  3.120217E+00
  -1.62541  7.802005E+00
  -1.55877  1.717431E+00
  -1.49213  2.617146E+00
  -1.42548  9.226901E-01
  -1.35884  1.074231E+00
  -1.29220  4.994465E+00
  -1.22556  2.201296E+00
  -1.15892  6.362557E-01
  -1.09228  3.937479E-01
  -1.02564  4.250586E-01
  -0.95900  6.430560E-01
  -0.89236  1.721132E+00
  -0.82572  5.550594E+00
  -0.75908  1.088272E+00
  -0.69244  5.576117E-01
  -0.62580  4.336975E-01
  -0.55916  4.069276E-01
  -0.49252  4.680978E-01
  -0.42588  7.671816E-01
  -0.35923  2.570897E+00
  -0.29259  7.330348E+00
  -0.22595  1.257234E+00
  -0.15931  5.111878E-01
  -0.09267  3.240995E-01
  -0.02603  2.812398E-01
   0.04061  3.003521E-01
   0.10725  4.171380E-01
   0.17389  9.218469E-01
   0.24053  5.052424E+00
   0.30717  2.253974E+00
   0.37381  5.994555E-01
   0.44045  3.144891E-01
   0.50709  2.247495E-01
   0.57373  1.900917E-01
   0.64037  1.799088E-01
   0.70702  1.872797E-01
   0.77366  2.173149E-01
   0.84030  2.981062E-01
   0.90694  5.724917E-01
   0.97358  2.461921E+00
   1.04022  2.385323E+00
   1.10686  6.086179E-01
   1.17350  3.786734E-01
   1.24014  3.496765E-01
   1.30678  4.010611E-01
   1.37342  5.586386E-01
   1.44006  1.047458E+00
   1.50670  3.712287E+00
   1.57334  1.034077E+01
   1.63998  1.745539E+00
   1.70662  6.857312E-01
   1.77327  4.083767E-01
   1.83991  2.941374E-01
   1.90655  2.330518E-01
   1.97319  1.946976E-01
   2.03983  1.680145E-01
   2.10647  1.481857E-01
   2.17311  1.328451E-01
   2.23975  1.206748E-01
   2.30639  1.108521E-01
   2.37303  1.028259E-01
   2.43967  9.622269E-02
   2.50631  9.074245E-02
   2.57295  8.619324E-02
   2.63959  8.241611E-02
   2.70623  7.928471E-02
   2.77287  7.669762E-02
   2.83952  7.457029E-02
   2.90616  7.283758E-02
   2.97280  7.143655E-02
   3.03944  7.031494E-02
   3.10608  6.943396E-02
   3.17272  6.874221E-02
   3.23936  6.819920E-02
   3.30600  6.778322E-02
   3.37264  6.744945E-02
   3.43928  6.717881E-02
   3.50592  6.694191E-02
   3.57256  6.672490E-02
   3.63920  6.651174E-02
   3.70584  6.630855E-02
   3.77248  6.611701E-02
   3.83912  6.592895E-02
   3.90577  6.576013E-02
   3.97241  6.563867E-02
   4.03905  6.559014E-02
   4.10569  6.563358E-02
   4.17233  6.581756E-02
   4.23897  6.621906E-02
   4.30561  6.698727E-02
   4.37225  6.843505E-02
   4.43889  7.139036E-02
   4.50553  7.796441E-02
   4.57217  5.621571E-02
   4.63881  2.222150E-02
   4.70545  2.031096E-02
   4.77209  3.015306E-02
   4.83873  9.941907E-02
   4.90537  1.529079E-01
   4.97202  8.982627E-02
   5.03866  7.939263E-02
   5.10530  7.540484E-02
   5.17194  7.330606E-02
   5.23858  7.209656E-02
   5.30522  7.129203E-02
   5.37186  7.072227E-02
   5.43850  7.028947E-02
   5.50514  6.993787E-02
   5.57178  6.964286E-02
   5.63842  6.938816E-02
   5.70506  6.915495E-02
   5.77170  6.892030E-02
   5.83834  6.868272E-02
   5.90498  6.844142E-02
   5.97162  6.820374E-02
   6.03827  6.796413E-02
   6.10491  6.771479E-02
   6.17155  6.745462E-02
   6.23819  6.718559E-02
   6.30483  6.690952E-02
   6.37147  6.662935E-02
   6.43811  6.634798E-02
   6.50475  6.606560E-02
   6.57139  6.578287E-02
   6.63803  6.550241E-02
   6.70467  6.522178E-02
   6.77131  6.494571E-02
   6.83795  6.467555E-02
   6.90459  6.441271E-02
   6.97123  6.415910E-02
   7.03787  6.391547E-02
   7.10452  6.368206E-02
   7.17116  6.346262E-02
   7.23780  6.325704E-02
   7.30444  6.306616E-02
   7.37108  6.289089E-02
   7.43772  6.273200E-02
   7.50436  6.259018E-02
   7.57100  6.246598E-02
   7.63764  6.235962E-02
   7.70428  6.227181E-02
   7.77092  6.220239E-02
   7.83756  6.215219E-02
   7.90420  6.212122E-02
   7.97084  6.210887E-02
   8.03748  6.211472E-02
   8.10412  6.214206E-02
   8.17077  6.218628E-02
   8.23741  6.224880E-02
   8.30405  6.232906E-02
   8.37069  6.242665E-02
   8.43733  6.254106E-02
   8.50397  6.267160E-02
   8.57061  6.281774E-02
   8.63725  6.297883E-02
   8.70389  6.315388E-02
   8.77053  6.334203E-02
   8.83717  6.354240E-02
   8.90381  6.375392E-02
   8.97045  6.397545E-02
   9.03709  6.420570E-02
   9.10373  6.444338E-02
   9.17037  6.468717E-02
   9.23702  6.493582E-02
   9.30366  6.518808E-02
   9.37030  6.544263E-02
   9.43694  6.569804E-02
   9.50358  6.595269E-02
   9.57022  6.620378E-02
   9.63686  6.645174E-02
   9.70350  6.669440E-02
   9.77014  6.692946E-02
   9.83678  6.715585E-02
   9.90342  6.737306E-02
   9.97006  6.757836E-02
  10.03670  6.777090E-02
  10.10334  6.795036E-02
  10.16998  6.811352E-02
  10.23662  6.826189E-02
  10.30327  6.839298E-02
  10.36991  6.850593E-02
  10.43655  6.860114E-02
  10.50319  6.867680E-02
  10.56983  6.873409E-02
  10.63647  6.877112E-02
  10.70311  6.878902E-02
  10.76975  6.878790E-02
  10.83639  6.876746E-02
  10.90303  6.872893E-02
  10.96967  6.867143E-02
  11.03631  6.859713E-02
  11.10295  6.850623E-02
  11.16959  6.839912E-02
  11.23623  6.827789E-02
  11.30287  6.814313E-02
  11.36952  6.799592E-02
  11.43616  6.783745E-02
  11.50280  6.766898E-02
  11.56944  6.749182E-02
  11.63608  6.730732E-02
  11.70272  6.711683E-02
  11.76936  6.692168E-02
  11.83600  6.672322E-02
  11.90264  6.652195E-02
  11.96928  6.632062E-02
  12.03592  6.611973E-02
  12.10256  6.591982E-02
  12.16920  6.572319E-02
  12.23584  6.553023E-02
  12.30248  6.534252E-02
  12.36912  6.516073E-02
  12.43577  6.498545E-02
  12.50241  6.481735E-02
  12.56905  6.465679E-02
  12.63569  6.450466E-02
  12.70233  6.436111E-02
  12.76897  6.422780E-02
  12.83561  6.410450E-02
  12.90225  6.399242E-02
  12.96889  6.389236E-02
  13.03553  6.380276E-02
  13.10217  6.372393E-02
  13.16881  6.365528E-02
  13.23545  6.359637E-02
  13.30209  6.355012E-02
  13.36873  6.351620E-02
  13.43537  6.349463E-02
  13.50202  6.348220E-02
  13.56866  6.347767E-02
  13.63530  6.348296E-02
  13.70194  6.349975E-02
  13.76858  6.352688E-02
  13.83522  6.356231E-02
  13.90186  6.360221E-02
  13.96850  6.364754E-02
  14.03514  6.370131E-02
  14.10178  6.376204E-02
  14.16842  6.382356E-02
  14.23506  6.388336E-02
  14.30170  6.394310E-02
  14.36834  6.400192E-02
  14.43498  6.405598E-02
  14.50162  6.409829E-02
  14.56827  6.412125E-02
  14.63491  6.411559E-02
  14.70155  6.406779E-02
  14.76819  6.397056E-02
  14.83483  6.375193E-02
  14.90147  6.337093E-02
  14.96811  6.263102E-02
  15.03475  6.120424E-02
  15.10139  5.778412E-02
  15.16803  4.738308E-02
  15.23467  2.052979E-02
  15.30131  1.386746E-02
  15.36795  1.643464E-02
  15.43459  2.923839E-02
  15.50123  1.036608E-01
  15.56787  2.431225E-01
  15.63452  8.098256E-02
  15.70116  7.357702E-02
  15.76780  7.186190E-02
  15.83444  7.104517E-02
  15.90108  7.060989E-02
  15.96772  7.037391E-02
  16.03436  7.024524E-02
  16.10100  7.015894E-02
  16.16764  7.012183E-02
  16.23428  7.011706E-02
  16.30092  7.012977E-02
  16.36756  7.015718E-02
  16.43420  7.019781E-02
  16.50084  7.024796E-02
  16.56748  7.030324E-02
  16.63412  7.036659E-02
  16.70077  7.044060E-02
  16.76741  7.052025E-02
  16.83405  7.060705E-02
  16.90069  7.070386E-02
  16.96733  7.081189E-02
  17.03397  7.092779E-02
  17.10061  7.105384E-02
  17.16725  7.119373E-02
  17.23389  7.134794E-02
  17.30053  7.151496E-02
  17.36717  7.169609E-02
  17.43381  7.189365E-02
  17.50045  7.211076E-02
  17.56709  7.234663E-02
  17.63373  7.260179E-02
  17.70037  7.287676E-02
  17.76702  7.317392E-02
  17.83366  7.349466E-02
  17.90030  7.384023E-02
  17.96694  7.421212E-02
  18.03358  7.460963E-02
  18.10022  7.503414E-02
  18.16686  7.548647E-02
  18.23350  7.596785E-02
  18.30014  7.648018E-02
  18.36678  7.702373E-02
  18.43342  7.759970E-02
  18.50006  7.820871E-02
  18.56670  7.885157E-02
  18.63334  7.952902E-02
  18.69998  8.024184E-02
  18.76662  8.099124E-02
  18.83327  8.177839E-02
  18.89991  8.260445E-02
  18.96655  8.347105E-02
  19.03319  8.437950E-02
  19.09983  8.533199E-02
  19.16647  8.633003E-02
  19.23311  8.737603E-02
  19.29975  8.847295E-02
  19.36639  8.962338E-02
  19.43303  9.083116E-02
  19.49967  9.210049E-02
  19.56631  9.343622E-02
  19.63295  9.484392E-02
  19.69959  9.633003E-02
  19.76623  9.790191E-02
  19.83287  9.956820E-02
  19.89952  1.013379E-01
  19.96616  1.032219E-01
  20.03280  1.052318E-01
  20.09944  1.073809E-01
  20.16608  1.096835E-01
  20.23272  1.121556E-01
  20.29936  1.148133E-01
  20.36600  1.176768E-01
  20.43264  1.207646E-01
  20.49928  1.240980E-01
  20.56592  1.276990E-01
  20.63256  1.315894E-01
  20.69920  1.357922E-01
  20.76584  1.403309E-01
  20.83248  1.452259E-01
  20.89912  1.504986E-01
  20.96577  1.561688E-01
  21.03241  1.622506E-01
  21.09905  1.687587E-01
  21.16569  1.757049E-01
  21.23233  1.830953E-01
  21.29897  1.909336E-01
  21.36561  1.992254E-01
  21.43225  2.079766E-01
  21.49889  2.171971E-01
  21.56553  2.269043E-01
  21.63217  2.371318E-01
  21.69881  2.479339E-01
  21.76545  2.593943E-01
  21.83209  2.716347E-01
  21.89873  2.848239E-01
  21.96537  2.992036E-01
  22.03202  3.150851E-01
  22.09866  3.328976E-01
  22.16530  3.531917E-01
  22.23194  3.767178E-01
  22.29858  4.044567E-01
  22.36522  4.377256E-01
  22.43186  4.783337E-01
  22.49850  5.287320E-01
  22.56514  5.922723E-01
  22.63178  6.734475E-01
  22.69842  7.779110E-01
  22.76506  9.114923E-01
  22.83170  1.076001E+00
  22.89834  1.257205E+00
  22.96498  1.402683E+00
  23.03162  1.416020E+00
  23.09827  1.232314E+00
  23.16491  9.180260E-01
  23.23155  6.073882E-01
  23.29819  3.763770E-01
  23.36483  2.289848E-01
  23.43147  1.409027E-01
  23.49811  8.877219E-02
  23.56475  5.745143E-02
  23.63139  3.830779E-02
  23.69803  2.653911E-02
  23.76467  1.942492E-02
  23.83131  1.537733E-02
  23.89795  1.344689E-02
  23.96459  1.306046E-02
  24.03123  1.388079E-02
  24.09787  1.573056E-02
  24.16452  1.855292E-02
  24.23116  2.239708E-02
  24.29780  2.742423E-02
  24.36444  3.393619E-02
  24.43108  4.243739E-02
  24.49772  5.375487E-02
  24.56436  6.927259E-02
  24.63100  9.140724E-02
  24.69764  1.246514E-01
  24.76428  1.780875E-01
  24.83092  2.721845E-01
  24.89756  4.600560E-01
  24.96420  9.029870E-01
  25.03084  2.054396E+00
  25.09748  2.929901E+00
  25.16412  1.427885E+00
  25.23077  6.969430E-01
  25.29741  6.160344E-01
  25.36405  1.621120E+00
  25.43069  1.125865E+00
  25.49733  3.756537E-01
  25.56397  1.919837E-01
  25.63061  1.205241E-01
  25.69725  8.410372E-02
  25.76389  6.251089E-02
  25.83053  4.845640E-02
  25.89717  3.871823E-02
  25.96381  3.166099E-02
  26.03045  2.637189E-02
  26.09709  2.230165E-02
  26.16373  1.910247E-02
  26.23037  1.654340E-02
  26.29702  1.446594E-02
  26.36366  1.275794E-02
  26.43030  1.133827E-02
  26.49694  1.014682E-02
  26.56358  9.138314E-03
  26.63022  8.277954E-03
  26.69686  7.538892E-03
  26.76350  6.899874E-03
  26.83014  6.344074E-03
  26.89678  5.857827E-03
  26.96342  5.430055E-03
  27.03006  5.051731E-03
  27.09670  4.715154E-03
  27.16334  4.413818E-03
  27.22998  4.142240E-03
  27.29662  3.895523E-03
  27.36327  3.668973E-03
  27.42991  3.457900E-03
  27.49655  3.257148E-03
  27.56319  3.059352E-03
  27.62983  2.850433E-03
  27.69647  2.600284E-03
  27.76311  2.482063E-03
  27.82975  3.043775E-03
  27.89639  3.219375E-03
  27.96303  2.284186E-03
  28.02967  2.251564E-03
  28.09631  3.443534E-03
  28.16295  2.204939E-03
  28.22959  1.861069E-03
  28.29623  1.746027E-03
  28.36287  1.671731E-03
  28.42952  1.611615E-03
  28.49616  1.558779E-03
  28.56280  1.510620E-03
  28.62944  1.465930E-03
  28.69608  1.424001E-03
  28.76272  1.384338E-03
  28.82936  1.346594E-03
  28.89600  1.310390E-03
  28.96264  1.275181E-03
  29.02928  1.239976E-03
  29.09592  1.200901E-03
  29.16256  1.134583E-03
  29.22920  1.060696E-03
  29.29584  9.946475E-04
  29.36248  9.253893E-04
  29.42912  8.329437E-04
  29.49577  7.484609E-04
  29.56241  6.716096E-04
  29.62905  5.839072E-04
  29.69569  4.542015E-04
  29.76233  1.017075E-04
  29.82897 -6.448652E-04
  29.89561  6.759437E-04
  29.96225  8.341536E-04
  30.02889  8.646932E-04
  30.09553  8.678728E-04
  30.16217  8.621047E-04
  30.22881  8.526788E-04
  30.29545  8.416811E-04
  30.36209  8.299372E-04
  30.42873  8.179805E-04
  30.49537  8.059763E-04
  30.56202  7.940861E-04
  30.62866  7.823272E-04
  30.69530  7.708374E-04
  30.76194  7.595743E-04
  30.82858  7.485847E-04
  30.89522  7.378563E-04
  30.96186  7.273902E-04
  31.02850  7.171848E-04
  31.09514  7.072363E-04
  31.16178  6.975566E-04
  31.22842  6.881093E-04
  31.29506  6.789108E-04
  31.36170  6.699810E-04
  31.42834  6.613403E-04
  31.49498  6.531937E-04
  31.56162  6.472514E-04
  31.62827  6.438133E-04
  31.69491  6.369324E-04
  31.76155  6.269104E-04
  31.82819  6.136726E-04
  31.89483  5.969725E-04
  31.96147  5.765374E-04
  32.02811  5.532677E-04
  32.09475  5.321863E-04
  32.16139  5.223913E-04
  32.22803  5.219558E-04
  32.29467  5.236793E-04
  32.36131  5.256963E-04
  32.42795  5.269860E-04
  32.49459  5.275347E-04
  32.56123  5.284096E-04
  32.62787  5.303864E-04
  32.69452  5.276947E-04
  32.76116  5.229260E-04
  32.82780  5.179021E-04
  32.89444  5.128424E-04
  32.96108  5.078195E-04
  33.02772  5.028547E-04
  33.09436  4.979696E-04
  33.16100  4.931644E-04
  33.22764  4.884416E-04
  33.29428  4.838005E-04
  33.36092  4.792407E-04
  33.42756  4.747661E-04
  33.49420  4.703720E-04
  33.56084  4.660568E-04
  33.62748  4.618190E-04
  33.69412  4.576568E-04
  33.76077  4.535674E-04
  33.82741  4.495513E-04
  33.89405  4.456056E-04
  33.96069  4.417286E-04
  34.02733  4.379186E-04
  34.09397  4.341739E-04
  34.16061  4.304929E-04
  34.22725  4.268741E-04
  34.29389  4.233160E-04
  34.36053  4.198170E-04
  34.42717  4.163757E-04
  34.49381  4.129907E-04
  34.56045  4.096606E-04
  34.62709  4.063841E-04
  34.69373  4.031600E-04
  34.76037  3.999870E-04
  34.82702  3.968626E-04
  34.89366  3.937881E-04
  34.96030  3.907612E-04
  35.02694  3.877808E-04
  35.09358  3.848458E-04
  35.16022  3.819551E-04
  35.22686  3.791077E-04
  35.29350  3.763023E-04
  35.36014  3.735387E-04
  35.42678  3.708155E-04
  35.49342  3.681319E-04
  35.56006  3.654871E-04
  35.62670  3.628800E-04
  35.69334  3.603101E-04
  35.75998  3.577763E-04
  35.82662  3.552780E-04
  35.89327  3.528144E-04
  35.95991  3.503848E-04
  36.02655  3.479884E-04
  36.09319  3.456245E-04
  36.15983  3.432926E-04
  36.22647  3.409919E-04
  36.29311  3.387218E-04
  36.35975  3.364816E-04
  36.42639  3.342708E-04
  36.49303  3.320888E-04
  36.55967  3.299350E-04
  36.62631  3.278088E-04
  36.69295  3.257097E-04
  36.75959  3.236371E-04
  36.82623  3.215907E-04
  36.89287  3.195697E-04
  36.95952  3.175738E-04
  37.02616  3.156025E-04
  37.09280  3.136553E-04
  37.15944  3.117318E-04
  37.22608  3.098315E-04
  37.29272  3.079540E-04
  37.35936  3.060988E-04
  37.42600  3.042656E-04
  37.49264  3.024539E-04
  37.55928  3.006634E-04
  37.62592  2.988937E-04
  37.69256  2.971444E-04
  37.75920  2.954151E-04
  37.82584  2.937056E-04
  37.89248  2.920153E-04
  37.95912  2.903441E-04
  38.02577  2.886915E-04
  38.09241  2.870573E-04
  38.15905  2.854412E-04
  38.22569  2.838427E-04
  38.29233  2.822617E-04
  38.35897  2.806978E-04
  38.42561  2.791507E-04
  38.49225  2.776203E-04
  38.55889  2.761061E-04
  38.62553  2.746079E-04
  38.69217  2.731255E-04
  38.75881  2.716585E-04
  38.82545  2.702069E-04
  38.89209  2.687702E-04
  38.95873  2.673483E-04
  39.02537  2.659409E-04
  39.09202  2.645478E-04
  39.15866  2.631687E-04
  39.22530  2.618035E-04
  39.29194  2.604520E-04
  39.35858  2.591139E-04
  39.42522  2.577889E-04
  39.49186  2.564770E-04
  39.55850  2.551779E-04
  39.62514  2.538914E-04
  39.69178  2.526174E-04
  39.75842  2.513556E-04
  39.82506  2.501058E-04
  39.89170  2.488679E-04
  39.95834  2.476417E-04
