 -11.00000  1.373447E-04
 -10.98500  1.383189E-04
 -10.97000  1.393040E-04
 -10.95500  1.403001E-04
 -10.94000  1.413075E-04
 -10.92500  1.423262E-04
 -10.91000  1.433565E-04
 -10.89500  1.443986E-04
 -10.88000  1.454527E-04
 -10.86500  1.465188E-04
 -10.85000  1.475973E-04
 -10.83500  1.486883E-04
 -10.82000  1.497921E-04
 -10.80500  1.509087E-04
 -10.79000  1.520385E-04
 -10.77500  1.531817E-04
 -10.76000  1.543384E-04
 -10.74500  1.555089E-04
 -10.73000  1.566934E-04
 -10.71500  1.578921E-04
 -10.70000  1.591053E-04
 -10.68500  1.603333E-04
 -10.67000  1.615762E-04
 -10.65500  1.628344E-04
 -10.64000  1.641080E-04
 -10.62500  1.653973E-04
 -10.61000  1.667027E-04
 -10.59500  1.680244E-04
 -10.58000  1.693626E-04
 -10.56500  1.707177E-04
 -10.55000  1.720899E-04
 -10.53500  1.734795E-04
 -10.52000  1.748869E-04
 -10.50500  1.763124E-04
 -10.49000  1.777562E-04
 -10.47500  1.792188E-04
 -10.46000  1.807004E-04
 -10.44500  1.822013E-04
 -10.43000  1.837220E-04
 -10.41500  1.852628E-04
 -10.40000  1.868241E-04
 -10.38500  1.884062E-04
 -10.37000  1.900095E-04
 -10.35500  1.916345E-04
 -10.34000  1.932814E-04
 -10.32500  1.949508E-04
 -10.31000  1.966430E-04
 -10.29500  1.983585E-04
 -10.28000  2.000977E-04
 -10.26500  2.018611E-04
 -10.25000  2.036492E-04
 -10.23500  2.054623E-04
 -10.22000  2.073011E-04
 -10.20500  2.091660E-04
 -10.19000  2.110574E-04
 -10.17500  2.129761E-04
 -10.16000  2.149224E-04
 -10.14500  2.168969E-04
 -10.13000  2.189002E-04
 -10.11500  2.209330E-04
 -10.10000  2.229956E-04
 -10.08500  2.250889E-04
 -10.07000  2.272134E-04
 -10.05500  2.293698E-04
 -10.04000  2.315586E-04
 -10.02500  2.337807E-04
 -10.01000  2.360366E-04
  -9.99500  2.383272E-04
  -9.98000  2.406531E-04
  -9.96500  2.430151E-04
  -9.95000  2.454140E-04
  -9.93500  2.478505E-04
  -9.92000  2.503256E-04
  -9.90500  2.528399E-04
  -9.89000  2.553945E-04
  -9.87500  2.579901E-04
  -9.86000  2.606278E-04
  -9.84500  2.633084E-04
  -9.83000  2.660329E-04
  -9.81500  2.688023E-04
  -9.80000  2.716176E-04
  -9.78500  2.744799E-04
  -9.77000  2.773903E-04
  -9.75500  2.803499E-04
  -9.74000  2.833598E-04
  -9.72500  2.864212E-04
  -9.71000  2.895354E-04
  -9.69500  2.927036E-04
  -9.68000  2.959272E-04
  -9.66500  2.992073E-04
  -9.65000  3.025455E-04
  -9.63500  3.059432E-04
  -9.62000  3.094017E-04
  -9.60500  3.129227E-04
  -9.59000  3.165077E-04
  -9.57500  3.201583E-04
  -9.56000  3.238762E-04
  -9.54500  3.276631E-04
  -9.53000  3.315208E-04
  -9.51500  3.354510E-04
  -9.50000  3.394558E-04
  -9.48500  3.435370E-04
  -9.47000  3.476967E-04
  -9.45500  3.519370E-04
  -9.44000  3.562600E-04
  -9.42500  3.606681E-04
  -9.41000  3.651634E-04
  -9.39500  3.697485E-04
  -9.38000  3.744258E-04
  -9.36500  3.791978E-04
  -9.35000  3.840673E-04
  -9.33500  3.890370E-04
  -9.32000  3.941097E-04
  -9.30500  3.992886E-04
  -9.29000  4.045765E-04
  -9.27500  4.099768E-04
  -9.26000  4.154927E-04
  -9.24500  4.211276E-04
  -9.23000  4.268853E-04
  -9.21500  4.327692E-04
  -9.20000  4.387835E-04
  -9.18500  4.449319E-04
  -9.17000  4.512187E-04
  -9.15500  4.576483E-04
  -9.14000  4.642251E-04
  -9.12500  4.709539E-04
  -9.11000  4.778394E-04
  -9.09500  4.848869E-04
  -9.08000  4.921016E-04
  -9.06500  4.994890E-04
  -9.05000  5.070548E-04
  -9.03500  5.148052E-04
  -9.02000  5.227463E-04
  -9.00500  5.308848E-04
  -8.99000  5.392273E-04
  -8.97500  5.477811E-04
  -8.96000  5.565536E-04
  -8.94500  5.655527E-04
  -8.93000  5.747864E-04
  -8.91500  5.842633E-04
  -8.90000  5.939923E-04
  -8.88500  6.039828E-04
  -8.87000  6.142446E-04
  -8.85500  6.247880E-04
  -8.84000  6.356237E-04
  -8.82500  6.467631E-04
  -8.81000  6.582181E-04
  -8.79500  6.700010E-04
  -8.78000  6.821251E-04
  -8.76500  6.946042E-04
  -8.75000  7.074527E-04
  -8.73500  7.206859E-04
  -8.72000  7.343200E-04
  -8.70500  7.483719E-04
  -8.69000  7.628595E-04
  -8.67500  7.778017E-04
  -8.66000  7.932184E-04
  -8.64500  8.091308E-04
  -8.63000  8.255611E-04
  -8.61500  8.425330E-04
  -8.60000  8.600714E-04
  -8.58500  8.782028E-04
  -8.57000  8.969553E-04
  -8.55500  9.163587E-04
  -8.54000  9.364446E-04
  -8.52500  9.572467E-04
  -8.51000  9.788009E-04
  -8.49500  1.001145E-03
  -8.48000  1.024320E-03
  -8.46500  1.048369E-03
  -8.45000  1.073339E-03
  -8.43500  1.099278E-03
  -8.42000  1.126240E-03
  -8.40500  1.154282E-03
  -8.39000  1.183464E-03
  -8.37500  1.213850E-03
  -8.36000  1.245513E-03
  -8.34500  1.278525E-03
  -8.33000  1.312970E-03
  -8.31500  1.348934E-03
  -8.30000  1.386511E-03
  -8.28500  1.425803E-03
  -8.27000  1.466922E-03
  -8.25500  1.509985E-03
  -8.24000  1.555124E-03
  -8.22500  1.602480E-03
  -8.21000  1.652205E-03
  -8.19500  1.704468E-03
  -8.18000  1.759452E-03
  -8.16500  1.817357E-03
  -8.15000  1.878402E-03
  -8.13500  1.942829E-03
  -8.12000  2.010902E-03
  -8.10500  2.082915E-03
  -8.09000  2.159191E-03
  -8.07500  2.240087E-03
  -8.06000  2.326002E-03
  -8.04500  2.417377E-03
  -8.03000  2.514706E-03
  -8.01500  2.618542E-03
  -8.00000  2.729503E-03
  -7.98500  2.848284E-03
  -7.97000  2.975677E-03
  -7.95500  3.112569E-03
  -7.94000  3.259975E-03
  -7.92500  3.419049E-03
  -7.91000  3.591114E-03
  -7.89500  3.777691E-03
  -7.88000  3.980539E-03
  -7.86500  4.201697E-03
  -7.85000  4.443545E-03
  -7.83500  4.708868E-03
  -7.82000  5.000968E-03
  -7.80500  5.323748E-03
  -7.79000  5.681879E-03
  -7.77500  6.080984E-03
  -7.76000  6.527885E-03
  -7.74500  7.030922E-03
  -7.73000  7.600430E-03
  -7.71500  8.249283E-03
  -7.70000  8.993745E-03
  -7.68500  9.854601E-03
  -7.67000  1.085887E-02
  -7.65500  1.204210E-02
  -7.64000  1.345199E-02
  -7.62500  1.515396E-02
  -7.61000  1.723964E-02
  -7.59500  1.984121E-02
  -7.58000  2.315543E-02
  -7.56500  2.748680E-02
  -7.55000  3.332927E-02
  -7.53500  4.153234E-02
  -7.52000  5.367052E-02
  -7.50500  7.296572E-02
  -7.49000  1.069804E-01
  -7.47500  1.774417E-01
  -7.46000  3.702611E-01
  -7.44500  1.180180E+00
  -7.43000  1.991274E+00
  -7.41500  1.528390E+00
  -7.40000  1.236598E+00
  -7.38500  1.056976E+00
  -7.37000  9.342732E-01
  -7.35500  8.439884E-01
  -7.34000  7.740410E-01
  -7.32500  7.177903E-01
  -7.31000  6.712675E-01
  -7.29500  6.319431E-01
  -7.28000  5.981222E-01
  -7.26500  5.686212E-01
  -7.25000  5.425855E-01
  -7.23500  5.193796E-01
  -7.22000  4.985206E-01
  -7.20500  4.796344E-01
  -7.19000  4.624258E-01
  -7.17500  4.466585E-01
  -7.16000  4.321404E-01
  -7.14500  4.187139E-01
  -7.13000  4.062477E-01
  -7.11500  3.946321E-01
  -7.10000  3.837743E-01
  -7.08500  3.735950E-01
  -7.07000  3.640263E-01
  -7.05500  3.550096E-01
  -7.04000  3.464938E-01
  -7.02500  3.384343E-01
  -7.01000  3.307920E-01
  -6.99500  3.235323E-01
  -6.98000  3.166246E-01
  -6.96500  3.100415E-01
  -6.95000  3.037588E-01
  -6.93500  2.977545E-01
  -6.92000  2.920090E-01
  -6.90500  2.865045E-01
  -6.89000  2.812249E-01
  -6.87500  2.761556E-01
  -6.86000  2.712832E-01
  -6.84500  2.665958E-01
  -6.83000  2.620821E-01
  -6.81500  2.577320E-01
  -6.80000  2.535360E-01
  -6.78500  2.494857E-01
  -6.77000  2.455729E-01
  -6.75500  2.417905E-01
  -6.74000  2.381314E-01
  -6.72500  2.345895E-01
  -6.71000  2.311589E-01
  -6.69500  2.278341E-01
  -6.68000  2.246099E-01
  -6.66500  2.214817E-01
  -6.65000  2.184449E-01
  -6.63500  2.154955E-01
  -6.62000  2.126295E-01
  -6.60500  2.098433E-01
  -6.59000  2.071334E-01
  -6.57500  2.044966E-01
  -6.56000  2.019298E-01
  -6.54500  1.994303E-01
  -6.53000  1.969952E-01
  -6.51500  1.946220E-01
  -6.50000  1.923083E-01
  -6.48500  1.900519E-01
  -6.47000  1.878505E-01
  -6.45500  1.857021E-01
  -6.44000  1.836047E-01
  -6.42500  1.815566E-01
  -6.41000  1.795558E-01
  -6.39500  1.776009E-01
  -6.38000  1.756902E-01
  -6.36500  1.738221E-01
  -6.35000  1.719953E-01
  -6.33500  1.702083E-01
  -6.32000  1.684598E-01
  -6.30500  1.667487E-01
  -6.29000  1.650737E-01
  -6.27500  1.634336E-01
  -6.26000  1.618274E-01
  -6.24500  1.602539E-01
  -6.23000  1.587123E-01
  -6.21500  1.572016E-01
  -6.20000  1.557208E-01
  -6.18500  1.542690E-01
  -6.17000  1.528454E-01
  -6.15500  1.514492E-01
  -6.14000  1.500797E-01
  -6.12500  1.487359E-01
  -6.11000  1.474174E-01
  -6.09500  1.461232E-01
  -6.08000  1.448528E-01
  -6.06500  1.436056E-01
  -6.05000  1.423809E-01
  -6.03500  1.411781E-01
  -6.02000  1.399966E-01
  -6.00500  1.388359E-01
  -5.99000  1.376955E-01
  -5.97500  1.365748E-01
  -5.96000  1.354733E-01
  -5.94500  1.343906E-01
  -5.93000  1.333262E-01
  -5.91500  1.322797E-01
  -5.90000  1.312505E-01
  -5.88500  1.302384E-01
  -5.87000  1.292428E-01
  -5.85500  1.282635E-01
  -5.84000  1.273000E-01
  -5.82500  1.263519E-01
  -5.81000  1.254189E-01
  -5.79500  1.245007E-01
  -5.78000  1.235969E-01
  -5.76500  1.227072E-01
  -5.75000  1.218312E-01
  -5.73500  1.209688E-01
  -5.72000  1.201195E-01
  -5.70500  1.192831E-01
  -5.69000  1.184594E-01
  -5.67500  1.176480E-01
  -5.66000  1.168487E-01
  -5.64500  1.160613E-01
  -5.63000  1.152854E-01
  -5.61500  1.145209E-01
  -5.60000  1.137675E-01
  -5.58500  1.130250E-01
  -5.57000  1.122932E-01
  -5.55500  1.115718E-01
  -5.54000  1.108607E-01
  -5.52500  1.101596E-01
  -5.51000  1.094684E-01
  -5.49500  1.087869E-01
  -5.48000  1.081148E-01
  -5.46500  1.074520E-01
  -5.45000  1.067984E-01
  -5.43500  1.061537E-01
  -5.42000  1.055177E-01
  -5.40500  1.048904E-01
  -5.39000  1.042716E-01
  -5.37500  1.036610E-01
  -5.36000  1.030586E-01
  -5.34500  1.024642E-01
  -5.33000  1.018777E-01
  -5.31500  1.012989E-01
  -5.30000  1.007276E-01
  -5.28500  1.001639E-01
  -5.27000  9.960741E-02
  -5.25500  9.905815E-02
  -5.24000  9.851596E-02
  -5.22500  9.798072E-02
  -5.21000  9.745232E-02
  -5.19500  9.693063E-02
  -5.18000  9.641555E-02
  -5.16500  9.590696E-02
  -5.15000  9.540477E-02
  -5.13500  9.490885E-02
  -5.12000  9.441912E-02
  -5.10500  9.393547E-02
  -5.09000  9.345780E-02
  -5.07500  9.298603E-02
  -5.06000  9.252005E-02
  -5.04500  9.205977E-02
  -5.03000  9.160511E-02
  -5.01500  9.115597E-02
  -5.00000  9.071228E-02
  -4.98500  9.027395E-02
  -4.97000  8.984090E-02
  -4.95500  8.941304E-02
  -4.94000  8.899030E-02
  -4.92500  8.857261E-02
  -4.91000  8.815989E-02
  -4.89500  8.775206E-02
  -4.88000  8.734906E-02
  -4.86500  8.695081E-02
  -4.85000  8.655725E-02
  -4.83500  8.616831E-02
  -4.82000  8.578391E-02
  -4.80500  8.540401E-02
  -4.79000  8.502854E-02
  -4.77500  8.465743E-02
  -4.76000  8.429062E-02
  -4.74500  8.392805E-02
  -4.73000  8.356968E-02
  -4.71500  8.321543E-02
  -4.70000  8.286526E-02
  -4.68500  8.251910E-02
  -4.67000  8.217692E-02
  -4.65500  8.183864E-02
  -4.64000  8.150423E-02
  -4.62500  8.117363E-02
  -4.61000  8.084680E-02
  -4.59500  8.052368E-02
  -4.58000  8.020423E-02
  -4.56500  7.988840E-02
  -4.55000  7.957614E-02
  -4.53500  7.926742E-02
  -4.52000  7.896219E-02
  -4.50500  7.866040E-02
  -4.49000  7.836201E-02
  -4.47500  7.806698E-02
  -4.46000  7.777528E-02
  -4.44500  7.748686E-02
  -4.43000  7.720168E-02
  -4.41500  7.691971E-02
  -4.40000  7.664090E-02
  -4.38500  7.636523E-02
  -4.37000  7.609265E-02
  -4.35500  7.582313E-02
  -4.34000  7.555664E-02
  -4.32500  7.529315E-02
  -4.31000  7.503260E-02
  -4.29500  7.477499E-02
  -4.28000  7.452027E-02
  -4.26500  7.426841E-02
  -4.25000  7.401939E-02
  -4.23500  7.377317E-02
  -4.22000  7.352972E-02
  -4.20500  7.328902E-02
  -4.19000  7.305103E-02
  -4.17500  7.281573E-02
  -4.16000  7.258309E-02
  -4.14500  7.235309E-02
  -4.13000  7.212569E-02
  -4.11500  7.190087E-02
  -4.10000  7.167862E-02
  -4.08500  7.145889E-02
  -4.07000  7.124167E-02
  -4.05500  7.102694E-02
  -4.04000  7.081466E-02
  -4.02500  7.060483E-02
  -4.01000  7.039741E-02
  -3.99500  7.019238E-02
  -3.98000  6.998973E-02
  -3.96500  6.978943E-02
  -3.95000  6.959145E-02
  -3.93500  6.939579E-02
  -3.92000  6.920242E-02
  -3.90500  6.901133E-02
  -3.89000  6.882248E-02
  -3.87500  6.863587E-02
  -3.86000  6.845147E-02
  -3.84500  6.826928E-02
  -3.83000  6.808925E-02
  -3.81500  6.791140E-02
  -3.80000  6.773570E-02
  -3.78500  6.756212E-02
  -3.77000  6.739066E-02
  -3.75500  6.722130E-02
  -3.74000  6.705402E-02
  -3.72500  6.688881E-02
  -3.71000  6.672566E-02
  -3.69500  6.656455E-02
  -3.68000  6.640547E-02
  -3.66500  6.624840E-02
  -3.65000  6.609333E-02
  -3.63500  6.594024E-02
  -3.62000  6.578913E-02
  -3.60500  6.563999E-02
  -3.59000  6.549280E-02
  -3.57500  6.534754E-02
  -3.56000  6.520422E-02
  -3.54500  6.506281E-02
  -3.53000  6.492331E-02
  -3.51500  6.478570E-02
  -3.50000  6.464999E-02
  -3.48500  6.451615E-02
  -3.47000  6.438419E-02
  -3.45500  6.425407E-02
  -3.44000  6.412580E-02
  -3.42500  6.399939E-02
  -3.41000  6.387480E-02
  -3.39500  6.375203E-02
  -3.38000  6.363109E-02
  -3.36500  6.351196E-02
  -3.35000  6.339463E-02
  -3.33500  6.327909E-02
  -3.32000  6.316535E-02
  -3.30500  6.305339E-02
  -3.29000  6.294321E-02
  -3.27500  6.283480E-02
  -3.26000  6.272816E-02
  -3.24500  6.262329E-02
  -3.23000  6.252016E-02
  -3.21500  6.241880E-02
  -3.20000  6.231918E-02
  -3.18500  6.222132E-02
  -3.17000  6.212519E-02
  -3.15500  6.203080E-02
  -3.14000  6.193815E-02
  -3.12500  6.184723E-02
  -3.11000  6.175805E-02
  -3.09500  6.167059E-02
  -3.08000  6.158487E-02
  -3.06500  6.150087E-02
  -3.05000  6.141860E-02
  -3.03500  6.133805E-02
  -3.02000  6.125923E-02
  -3.00500  6.118213E-02
  -2.99000  6.110676E-02
  -2.97500  6.103311E-02
  -2.96000  6.096119E-02
  -2.94500  6.089101E-02
  -2.93000  6.082254E-02
  -2.91500  6.075582E-02
  -2.90000  6.069082E-02
  -2.88500  6.062757E-02
  -2.87000  6.056604E-02
  -2.85500  6.050628E-02
  -2.84000  6.044824E-02
  -2.82500  6.039197E-02
  -2.81000  6.033744E-02
  -2.79500  6.028468E-02
  -2.78000  6.023368E-02
  -2.76500  6.018445E-02
  -2.75000  6.013700E-02
  -2.73500  6.009132E-02
  -2.72000  6.004744E-02
  -2.70500  6.000535E-02
  -2.69000  5.996507E-02
  -2.67500  5.992659E-02
  -2.66000  5.988994E-02
  -2.64500  5.985511E-02
  -2.63000  5.982212E-02
  -2.61500  5.979099E-02
  -2.60000  5.976171E-02
  -2.58500  5.973429E-02
  -2.57000  5.970877E-02
  -2.55500  5.968512E-02
  -2.54000  5.966339E-02
  -2.52500  5.964358E-02
  -2.51000  5.962569E-02
  -2.49500  5.960975E-02
  -2.48000  5.959578E-02
  -2.46500  5.958378E-02
  -2.45000  5.957377E-02
  -2.43500  5.956578E-02
  -2.42000  5.955981E-02
  -2.40500  5.955587E-02
  -2.39000  5.955401E-02
  -2.37500  5.955423E-02
  -2.36000  5.955655E-02
  -2.34500  5.956099E-02
  -2.33000  5.956758E-02
  -2.31500  5.957631E-02
  -2.30000  5.958725E-02
  -2.28500  5.960039E-02
  -2.27000  5.961578E-02
  -2.25500  5.963342E-02
  -2.24000  5.965334E-02
  -2.22500  5.967558E-02
  -2.21000  5.970016E-02
  -2.19500  5.972711E-02
  -2.18000  5.975647E-02
  -2.16500  5.978826E-02
  -2.15000  5.982252E-02
  -2.13500  5.985928E-02
  -2.12000  5.989858E-02
  -2.10500  5.994045E-02
  -2.09000  5.998493E-02
  -2.07500  6.003207E-02
  -2.06000  6.008189E-02
  -2.04500  6.013445E-02
  -2.03000  6.018978E-02
  -2.01500  6.024794E-02
  -2.00000  6.030896E-02
  -1.98500  6.037291E-02
  -1.97000  6.043982E-02
  -1.95500  6.050973E-02
  -1.94000  6.058272E-02
  -1.92500  6.065884E-02
  -1.91000  6.073812E-02
  -1.89500  6.082065E-02
  -1.88000  6.090647E-02
  -1.86500  6.099565E-02
  -1.85000  6.108827E-02
  -1.83500  6.118437E-02
  -1.82000  6.128406E-02
  -1.80500  6.138738E-02
  -1.79000  6.149443E-02
  -1.77500  6.160528E-02
  -1.76000  6.172002E-02
  -1.74500  6.183874E-02
  -1.73000  6.196152E-02
  -1.71500  6.208846E-02
  -1.70000  6.221967E-02
  -1.68500  6.235521E-02
  -1.67000  6.249523E-02
  -1.65500  6.263982E-02
  -1.64000  6.278908E-02
  -1.62500  6.294313E-02
  -1.61000  6.310211E-02
  -1.59500  6.326613E-02
  -1.58000  6.343533E-02
  -1.56500  6.360984E-02
  -1.55000  6.378983E-02
  -1.53500  6.397543E-02
  -1.52000  6.416681E-02
  -1.50500  6.436416E-02
  -1.49000  6.456764E-02
  -1.47500  6.477744E-02
  -1.46000  6.499376E-02
  -1.44500  6.521677E-02
  -1.43000  6.544672E-02
  -1.41500  6.568378E-02
  -1.40000  6.592821E-02
  -1.38500  6.618023E-02
  -1.37000  6.644010E-02
  -1.35500  6.670807E-02
  -1.34000  6.698444E-02
  -1.32500  6.726951E-02
  -1.31000  6.756360E-02
  -1.29500  6.786705E-02
  -1.28000  6.818021E-02
  -1.26500  6.850345E-02
  -1.25000  6.883718E-02
  -1.23500  6.918175E-02
  -1.22000  6.953764E-02
  -1.20500  6.990524E-02
  -1.19000  7.028507E-02
  -1.17500  7.067762E-02
  -1.16000  7.108345E-02
  -1.14500  7.150316E-02
  -1.13000  7.193738E-02
  -1.11500  7.238683E-02
  -1.10000  7.285221E-02
  -1.08500  7.333425E-02
  -1.07000  7.383371E-02
  -1.05500  7.435149E-02
  -1.04000  7.488843E-02
  -1.02500  7.544555E-02
  -1.01000  7.602392E-02
  -0.99500  7.662477E-02
  -0.98000  7.724938E-02
  -0.96500  7.789909E-02
  -0.95000  7.857537E-02
  -0.93500  7.927967E-02
  -0.92000  8.001365E-02
  -0.90500  8.077918E-02
  -0.89000  8.157829E-02
  -0.87500  8.241336E-02
  -0.86000  8.328689E-02
  -0.84500  8.420152E-02
  -0.83000  8.516001E-02
  -0.81500  8.616549E-02
  -0.80000  8.722155E-02
  -0.78500  8.833234E-02
  -0.77000  8.950244E-02
  -0.75500  9.073689E-02
  -0.74000  9.204097E-02
  -0.72500  9.342073E-02
  -0.71000  9.488315E-02
  -0.69500  9.643661E-02
  -0.68000  9.809064E-02
  -0.66500  9.985547E-02
  -0.65000  1.017428E-01
  -0.63500  1.037663E-01
  -0.62000  1.059429E-01
  -0.60500  1.082923E-01
  -0.59000  1.108372E-01
  -0.57500  1.136042E-01
  -0.56000  1.166257E-01
  -0.54500  1.199420E-01
  -0.53000  1.236032E-01
  -0.51500  1.276711E-01
  -0.50000  1.322236E-01
  -0.48500  1.373615E-01
  -0.47000  1.432172E-01
  -0.45500  1.499700E-01
  -0.44000  1.578690E-01
  -0.42500  1.672725E-01
  -0.41000  1.787016E-01
  -0.39500  1.929916E-01
  -0.38000  2.115189E-01
  -0.36500  2.367914E-01
  -0.35000  2.738621E-01
  -0.33500  3.341037E-01
  -0.32000  4.328422E-01
  -0.30500  2.829905E-01
  -0.29000  8.721999E-02
  -0.27500  4.118086E-02
  -0.26000  2.473548E-02
  -0.24500  1.688458E-02
  -0.23000  1.245655E-02
  -0.21500  9.678941E-03
  -0.20000  7.804203E-03
  -0.18500  6.469240E-03
  -0.17000  5.479186E-03
  -0.15500  4.720945E-03
  -0.14000  4.125036E-03
  -0.12500  3.646591E-03
  -0.11000  3.255527E-03
  -0.09500  2.930997E-03
  -0.08000  2.658123E-03
  -0.06500  2.426057E-03
  -0.05000  2.226715E-03
  -0.03500  2.053960E-03
  -0.02000  1.903065E-03
  -0.00500  1.770325E-03
   0.01000  1.652811E-03
   0.02500  1.548174E-03
   0.04000  1.454511E-03
   0.05500  1.370266E-03
   0.07000  1.294159E-03
   0.08500  1.225121E-03
   0.10000  1.162262E-03
   0.11500  1.104827E-03
   0.13000  1.052179E-03
   0.14500  1.003772E-03
   0.16000  9.591401E-04
   0.17500  9.178796E-04
   0.19000  8.796411E-04
   0.20500  8.441189E-04
   0.22000  8.110507E-04
   0.23500  7.802001E-04
   0.25000  7.513650E-04
   0.26500  7.243624E-04
   0.28000  6.990298E-04
   0.29500  6.752274E-04
   0.31000  6.528240E-04
   0.32500  6.317074E-04
   0.34000  6.117763E-04
   0.35500  5.929355E-04
   0.37000  5.751051E-04
   0.38500  5.582067E-04
   0.40000  5.421754E-04
   0.41500  5.269463E-04
   0.43000  5.124648E-04
   0.44500  4.986811E-04
   0.46000  4.855455E-04
   0.47500  4.730167E-04
   0.49000  4.610568E-04
   0.50500  4.496270E-04
   0.52000  4.386957E-04
   0.53500  4.282337E-04
   0.55000  4.182101E-04
   0.56500  4.086003E-04
   0.58000  3.993805E-04
   0.59500  3.905295E-04
   0.61000  3.820241E-04
   0.62500  3.738466E-04
   0.64000  3.659804E-04
   0.65500  3.584062E-04
   0.67000  3.511101E-04
   0.68500  3.440776E-04
   0.70000  3.372952E-04
   0.71500  3.307514E-04
   0.73000  3.244323E-04
   0.74500  3.183279E-04
   0.76000  3.124279E-04
   0.77500  3.067237E-04
   0.79000  3.012040E-04
   0.80500  2.958613E-04
   0.82000  2.906875E-04
   0.83500  2.856752E-04
   0.85000  2.808180E-04
   0.86500  2.761073E-04
   0.88000  2.715377E-04
   0.89500  2.671032E-04
   0.91000  2.627981E-04
   0.92500  2.586171E-04
   0.94000  2.545557E-04
   0.95500  2.506076E-04
   0.97000  2.467690E-04
   0.98500  2.430356E-04
   1.00000  2.394033E-04
   1.01500  2.358681E-04
   1.03000  2.324264E-04
   1.04500  2.290753E-04
   1.06000  2.258100E-04
   1.07500  2.226280E-04
   1.09000  2.195263E-04
   1.10500  2.165020E-04
   1.12000  2.135523E-04
   1.13500  2.106747E-04
   1.15000  2.078671E-04
   1.16500  2.051259E-04
   1.18000  2.024495E-04
   1.19500  1.998356E-04
   1.21000  1.972822E-04
   1.22500  1.947872E-04
   1.24000  1.923487E-04
   1.25500  1.899650E-04
   1.27000  1.876347E-04
   1.28500  1.853550E-04
   1.30000  1.831250E-04
   1.31500  1.809430E-04
   1.33000  1.788075E-04
   1.34500  1.767172E-04
   1.36000  1.746706E-04
   1.37500  1.726664E-04
   1.39000  1.707034E-04
   1.40500  1.687808E-04
   1.42000  1.668965E-04
   1.43500  1.650498E-04
   1.45000  1.632396E-04
   1.46500  1.614650E-04
   1.48000  1.597248E-04
   1.49500  1.580182E-04
   1.51000  1.563442E-04
   1.52500  1.547018E-04
   1.54000  1.530903E-04
   1.55500  1.515087E-04
   1.57000  1.499568E-04
   1.58500  1.484328E-04
   1.60000  1.469365E-04
   1.61500  1.454670E-04
   1.63000  1.440238E-04
   1.64500  1.426062E-04
   1.66000  1.412134E-04
   1.67500  1.398448E-04
   1.69000  1.384999E-04
   1.70500  1.371780E-04
   1.72000  1.358786E-04
   1.73500  1.346011E-04
   1.75000  1.333450E-04
   1.76500  1.321102E-04
   1.78000  1.308953E-04
   1.79500  1.297002E-04
   1.81000  1.285246E-04
   1.82500  1.273679E-04
   1.84000  1.262297E-04
   1.85500  1.251095E-04
   1.87000  1.240070E-04
   1.88500  1.229218E-04
   1.90000  1.218534E-04
   1.91500  1.208014E-04
   1.93000  1.197656E-04
   1.94500  1.187455E-04
   1.96000  1.177408E-04
   1.97500  1.167512E-04
   1.99000  1.157766E-04
   2.00500  1.148161E-04
   2.02000  1.138696E-04
   2.03500  1.129370E-04
   2.05000  1.120179E-04
   2.06500  1.111120E-04
   2.08000  1.102190E-04
   2.09500  1.093387E-04
   2.11000  1.084709E-04
   2.12500  1.076151E-04
   2.14000  1.067713E-04
   2.15500  1.059392E-04
   2.17000  1.051185E-04
   2.18500  1.043089E-04
   2.20000  1.035104E-04
   2.21500  1.027226E-04
   2.23000  1.019454E-04
   2.24500  1.011785E-04
   2.26000  1.004220E-04
   2.27500  9.967520E-05
   2.29000  9.893816E-05
   2.30500  9.821068E-05
   2.32000  9.749259E-05
   2.33500  9.678371E-05
   2.35000  9.608388E-05
   2.36500  9.539291E-05
   2.38000  9.471065E-05
   2.39500  9.403694E-05
   2.41000  9.337163E-05
   2.42500  9.271455E-05
   2.44000  9.206556E-05
   2.45500  9.142451E-05
   2.47000  9.079127E-05
   2.48500  9.016569E-05
   2.50000  8.954763E-05
   2.51500  8.893698E-05
   2.53000  8.833359E-05
   2.54500  8.773734E-05
   2.56000  8.714811E-05
   2.57500  8.656598E-05
   2.59000  8.599042E-05
   2.60500  8.542152E-05
   2.62000  8.485917E-05
   2.63500  8.430327E-05
   2.65000  8.375370E-05
   2.66500  8.321035E-05
   2.68000  8.267314E-05
   2.69500  8.214194E-05
   2.71000  8.161667E-05
   2.72500  8.109724E-05
   2.74000  8.058353E-05
   2.75500  8.007547E-05
   2.77000  7.957296E-05
   2.78500  7.907591E-05
   2.80000  7.858424E-05
   2.81500  7.809786E-05
   2.83000  7.761669E-05
   2.84500  7.714065E-05
   2.86000  7.666965E-05
   2.87500  7.620363E-05
   2.89000  7.574250E-05
   2.90500  7.528618E-05
   2.92000  7.483461E-05
   2.93500  7.438771E-05
   2.95000  7.394541E-05
   2.96500  7.350765E-05
   2.98000  7.307450E-05
   2.99500  7.264560E-05
   3.01000  7.222103E-05
   3.02500  7.180073E-05
   3.04000  7.138464E-05
   3.05500  7.097269E-05
   3.07000  7.056483E-05
   3.08500  7.016100E-05
   3.10000  6.976113E-05
   3.11500  6.936517E-05
   3.13000  6.897307E-05
   3.14500  6.858478E-05
   3.16000  6.820023E-05
   3.17500  6.781937E-05
   3.19000  6.744216E-05
   3.20500  6.706853E-05
   3.22000  6.669846E-05
   3.23500  6.633187E-05
   3.25000  6.596873E-05
   3.26500  6.560899E-05
   3.28000  6.525260E-05
   3.29500  6.489951E-05
   3.31000  6.454969E-05
   3.32500  6.420309E-05
   3.34000  6.385966E-05
   3.35500  6.351936E-05
   3.37000  6.318216E-05
   3.38500  6.284800E-05
   3.40000  6.251685E-05
   3.41500  6.218868E-05
   3.43000  6.186343E-05
   3.44500  6.154108E-05
   3.46000  6.122158E-05
   3.47500  6.090491E-05
   3.49000  6.059112E-05
   3.50500  6.027997E-05
   3.52000  5.997154E-05
   3.53500  5.966578E-05
   3.55000  5.936267E-05
   3.56500  5.906216E-05
   3.58000  5.876424E-05
   3.59500  5.846886E-05
   3.61000  5.817600E-05
   3.62500  5.788562E-05
   3.64000  5.759769E-05
   3.65500  5.731219E-05
   3.67000  5.702908E-05
   3.68500  5.674833E-05
   3.70000  5.646992E-05
   3.71500  5.619381E-05
   3.73000  5.591999E-05
   3.74500  5.564841E-05
   3.76000  5.537907E-05
   3.77500  5.511192E-05
   3.79000  5.484694E-05
   3.80500  5.458411E-05
   3.82000  5.432340E-05
   3.83500  5.406479E-05
   3.85000  5.380825E-05
   3.86500  5.355376E-05
   3.88000  5.330129E-05
   3.89500  5.305083E-05
   3.91000  5.280234E-05
   3.92500  5.255581E-05
   3.94000  5.231121E-05
   3.95500  5.206853E-05
   3.97000  5.182773E-05
   3.98500  5.158880E-05
   4.00000  5.135172E-05
