  -6.00000  -0.68842E-18
  -5.99000  -0.66264E-18
  -5.98000  -0.63656E-18
  -5.97000  -0.61019E-18
  -5.96000  -0.58353E-18
  -5.95000  -0.55660E-18
  -5.94000  -0.52941E-18
  -5.93000  -0.50197E-18
  -5.92000  -0.47429E-18
  -5.91000  -0.44637E-18
  -5.90000  -0.41824E-18
  -5.89000  -0.38990E-18
  -5.88000  -0.36137E-18
  -5.87000  -0.33266E-18
  -5.86000  -0.30378E-18
  -5.85000  -0.27475E-18
  -5.84000  -0.24557E-18
  -5.83000  -0.21626E-18
  -5.82000  -0.18684E-18
  -5.81000  -0.15733E-18
  -5.80000  -0.12772E-18
  -5.79000  -0.98050E-19
  -5.78000  -0.68322E-19
  -5.77000  -0.38555E-19
  -5.76000  -0.87650E-20
  -5.75000   0.21032E-19
  -5.74000   0.50820E-19
  -5.73000   0.80582E-19
  -5.72000   0.11030E-18
  -5.71000   0.13996E-18
  -5.70000   0.16954E-18
  -5.69000   0.19902E-18
  -5.68000   0.22839E-18
  -5.67000   0.25763E-18
  -5.66000   0.28672E-18
  -5.65000   0.31563E-18
  -5.64000   0.34436E-18
  -5.63000   0.37288E-18
  -5.62000   0.40116E-18
  -5.61000   0.42920E-18
  -5.60000   0.45697E-18
  -5.59000   0.48445E-18
  -5.58000   0.51162E-18
  -5.57000   0.53846E-18
  -5.56000   0.56494E-18
  -5.55000   0.59105E-18
  -5.54000   0.61677E-18
  -5.53000   0.64206E-18
  -5.52000   0.66692E-18
  -5.51000   0.69131E-18
  -5.50000   0.71522E-18
  -5.49000   0.73862E-18
  -5.48000   0.76149E-18
  -5.47000   0.78380E-18
  -5.46000   0.80555E-18
  -5.45000   0.82669E-18
  -5.44000   0.84721E-18
  -5.43000   0.86708E-18
  -5.42000   0.88628E-18
  -5.41000   0.90479E-18
  -5.40000   0.92259E-18
  -5.39000   0.93964E-18
  -5.38000   0.95593E-18
  -5.37000   0.97143E-18
  -5.36000   0.98612E-18
  -5.35000   0.99997E-18
  -5.34000   0.10130E-17
  -5.33000   0.10251E-17
  -5.32000   0.10363E-17
  -5.31000   0.10466E-17
  -5.30000   0.10559E-17
  -5.29000   0.10642E-17
  -5.28000   0.10716E-17
  -5.27000   0.10779E-17
  -5.26000   0.10832E-17
  -5.25000   0.10874E-17
  -5.24000   0.10905E-17
  -5.23000   0.10925E-17
  -5.22000   0.10934E-17
  -5.21000   0.10931E-17
  -5.20000   0.10917E-17
  -5.19000   0.10890E-17
  -5.18000   0.10852E-17
  -5.17000   0.10801E-17
  -5.16000   0.10737E-17
  -5.15000   0.10661E-17
  -5.14000   0.10571E-17
  -5.13000   0.10469E-17
  -5.12000   0.10353E-17
  -5.11000   0.10224E-17
  -5.10000   0.10081E-17
  -5.09000   0.99244E-18
  -5.08000   0.97539E-18
  -5.07000   0.95693E-18
  -5.06000   0.93705E-18
  -5.05000   0.91573E-18
  -5.04000   0.89297E-18
  -5.03000   0.86876E-18
  -5.02000   0.84308E-18
  -5.01000   0.81593E-18
  -5.00000   0.78730E-18
  -4.99000   0.75718E-18
  -4.98000   0.72557E-18
  -4.97000   0.69246E-18
  -4.96000   0.65785E-18
  -4.95000   0.62174E-18
  -4.94000   0.58412E-18
  -4.93000   0.54500E-18
  -4.92000   0.50438E-18
  -4.91000   0.46226E-18
  -4.90000   0.41865E-18
  -4.89000   0.37356E-18
  -4.88000   0.32699E-18
  -4.87000   0.27895E-18
  -4.86000   0.22945E-18
  -4.85000   0.17851E-18
  -4.84000   0.12614E-18
  -4.83000   0.72365E-19
  -4.82000   0.17193E-19
  -4.81000  -0.39350E-19
  -4.80000  -0.97243E-19
  -4.79000  -0.15646E-18
  -4.78000  -0.21698E-18
  -4.77000  -0.27876E-18
  -4.76000  -0.34178E-18
  -4.75000  -0.40600E-18
  -4.74000  -0.47140E-18
  -4.73000  -0.53792E-18
  -4.72000  -0.60553E-18
  -4.71000  -0.67419E-18
  -4.70000  -0.74384E-18
  -4.69000  -0.81445E-18
  -4.68000  -0.88595E-18
  -4.67000  -0.95830E-18
  -4.66000  -0.10314E-17
  -4.65000  -0.11053E-17
  -4.64000  -0.11798E-17
  -4.63000  -0.12550E-17
  -4.62000  -0.13306E-17
  -4.61000  -0.14068E-17
  -4.60000  -0.14833E-17
  -4.59000  -0.15601E-17
  -4.58000  -0.16371E-17
  -4.57000  -0.17143E-17
  -4.56000  -0.17916E-17
  -4.55000  -0.18688E-17
  -4.54000  -0.19458E-17
  -4.53000  -0.20227E-17
  -4.52000  -0.20992E-17
  -4.51000  -0.21753E-17
  -4.50000  -0.22508E-17
  -4.49000  -0.23256E-17
  -4.48000  -0.23997E-17
  -4.47000  -0.24729E-17
  -4.46000  -0.25451E-17
  -4.45000  -0.26161E-17
  -4.44000  -0.26859E-17
  -4.43000  -0.27542E-17
  -4.42000  -0.28210E-17
  -4.41000  -0.28861E-17
  -4.40000  -0.29494E-17
  -4.39000  -0.30107E-17
  -4.38000  -0.30698E-17
  -4.37000  -0.31266E-17
  -4.36000  -0.31810E-17
  -4.35000  -0.32328E-17
  -4.34000  -0.32817E-17
  -4.33000  -0.33277E-17
  -4.32000  -0.33706E-17
  -4.31000  -0.34102E-17
  -4.30000  -0.34462E-17
  -4.29000  -0.34786E-17
  -4.28000  -0.35071E-17
  -4.27000  -0.35315E-17
  -4.26000  -0.35516E-17
  -4.25000  -0.35673E-17
  -4.24000  -0.35784E-17
  -4.23000  -0.35845E-17
  -4.22000  -0.35856E-17
  -4.21000  -0.35814E-17
  -4.20000  -0.35717E-17
  -4.19000  -0.35564E-17
  -4.18000  -0.35350E-17
  -4.17000  -0.35076E-17
  -4.16000  -0.34738E-17
  -4.15000  -0.34334E-17
  -4.14000  -0.33862E-17
  -4.13000  -0.33320E-17
  -4.12000  -0.32705E-17
  -4.11000  -0.32015E-17
  -4.10000  -0.31249E-17
  -4.09000  -0.30403E-17
  -4.08000  -0.29476E-17
  -4.07000  -0.28466E-17
  -4.06000  -0.27369E-17
  -4.05000  -0.26185E-17
  -4.04000  -0.24910E-17
  -4.03000  -0.23543E-17
  -4.02000  -0.22082E-17
  -4.01000  -0.20524E-17
  -4.00000  -0.18868E-17
  -3.99000  -0.17112E-17
  -3.98000  -0.15252E-17
  -3.97000  -0.13289E-17
  -3.96000  -0.11220E-17
  -3.95000  -0.90426E-18
  -3.94000  -0.67559E-18
  -3.93000  -0.43583E-18
  -3.92000  -0.18481E-18
  -3.91000   0.77598E-19
  -3.90000   0.35152E-18
  -3.89000   0.63708E-18
  -3.88000   0.93437E-18
  -3.87000   0.12435E-17
  -3.86000   0.15645E-17
  -3.85000   0.18975E-17
  -3.84000   0.22425E-17
  -3.83000   0.25996E-17
  -3.82000   0.29687E-17
  -3.81000   0.33498E-17
  -3.80000   0.37430E-17
  -3.79000   0.41482E-17
  -3.78000   0.45652E-17
  -3.77000   0.49941E-17
  -3.76000   0.54346E-17
  -3.75000   0.58867E-17
  -3.74000   0.63502E-17
  -3.73000   0.68248E-17
  -3.72000   0.73104E-17
  -3.71000   0.78067E-17
  -3.70000   0.83133E-17
  -3.69000   0.88300E-17
  -3.68000   0.93564E-17
  -3.67000   0.98921E-17
  -3.66000   0.10437E-16
  -3.65000   0.10990E-16
  -3.64000   0.11550E-16
  -3.63000   0.12118E-16
  -3.62000   0.12693E-16
  -3.61000   0.13274E-16
  -3.60000   0.13860E-16
  -3.59000   0.14451E-16
  -3.58000   0.15045E-16
  -3.57000   0.15643E-16
  -3.56000   0.16242E-16
  -3.55000   0.16843E-16
  -3.54000   0.17443E-16
  -3.53000   0.18043E-16
  -3.52000   0.18640E-16
  -3.51000   0.19234E-16
  -3.50000   0.19823E-16
  -3.49000   0.20406E-16
  -3.48000   0.20982E-16
  -3.47000   0.21549E-16
  -3.46000   0.22106E-16
  -3.45000   0.22651E-16
  -3.44000   0.23182E-16
  -3.43000   0.23698E-16
  -3.42000   0.24196E-16
  -3.41000   0.24676E-16
  -3.40000   0.25134E-16
  -3.39000   0.25570E-16
  -3.38000   0.25980E-16
  -3.37000   0.26363E-16
  -3.36000   0.26716E-16
  -3.35000   0.27037E-16
  -3.34000   0.27324E-16
  -3.33000   0.27574E-16
  -3.32000   0.27785E-16
  -3.31000   0.27954E-16
  -3.30000   0.28079E-16
  -3.29000   0.28156E-16
  -3.28000   0.28182E-16
  -3.27000   0.28156E-16
  -3.26000   0.28074E-16
  -3.25000   0.27933E-16
  -3.24000   0.27730E-16
  -3.23000   0.27462E-16
  -3.22000   0.27126E-16
  -3.21000   0.26718E-16
  -3.20000   0.26237E-16
  -3.19000   0.25678E-16
  -3.18000   0.25038E-16
  -3.17000   0.24314E-16
  -3.16000   0.23504E-16
  -3.15000   0.22603E-16
  -3.14000   0.21608E-16
  -3.13000   0.20518E-16
  -3.12000   0.19328E-16
  -3.11000   0.18036E-16
  -3.10000   0.16638E-16
  -3.09000   0.15133E-16
  -3.08000   0.13517E-16
  -3.07000   0.11788E-16
  -3.06000   0.99436E-17
  -3.05000   0.79816E-17
  -3.04000   0.59001E-17
  -3.03000   0.36974E-17
  -3.02000   0.13719E-17
  -3.01000  -0.10776E-17
  -3.00000  -0.36519E-17
  -2.99000  -0.63516E-17
  -2.98000  -0.91770E-17
  -2.97000  -0.12128E-16
  -2.96000  -0.15203E-16
  -2.95000  -0.18402E-16
  -2.94000  -0.21724E-16
  -2.93000  -0.25165E-16
  -2.92000  -0.28723E-16
  -2.91000  -0.32395E-16
  -2.90000  -0.36177E-16
  -2.89000  -0.40064E-16
  -2.88000  -0.44050E-16
  -2.87000  -0.48130E-16
  -2.86000  -0.52295E-16
  -2.85000  -0.56537E-16
  -2.84000  -0.60849E-16
  -2.83000  -0.65218E-16
  -2.82000  -0.69635E-16
  -2.81000  -0.74087E-16
  -2.80000  -0.78560E-16
  -2.79000  -0.83040E-16
  -2.78000  -0.87510E-16
  -2.77000  -0.91953E-16
  -2.76000  -0.96350E-16
  -2.75000  -0.10068E-15
  -2.74000  -0.10492E-15
  -2.73000  -0.10906E-15
  -2.72000  -0.11305E-15
  -2.71000  -0.11688E-15
  -2.70000  -0.12053E-15
  -2.69000  -0.12395E-15
  -2.68000  -0.12711E-15
  -2.67000  -0.13000E-15
  -2.66000  -0.13256E-15
  -2.65000  -0.13476E-15
  -2.64000  -0.13656E-15
  -2.63000  -0.13793E-15
  -2.62000  -0.13882E-15
  -2.61000  -0.13919E-15
  -2.60000  -0.13898E-15
  -2.59000  -0.13817E-15
  -2.58000  -0.13669E-15
  -2.57000  -0.13450E-15
  -2.56000  -0.13155E-15
  -2.55000  -0.12778E-15
  -2.54000  -0.12316E-15
  -2.53000  -0.11761E-15
  -2.52000  -0.11110E-15
  -2.51000  -0.10358E-15
  -2.50000  -0.94980E-16
  -2.49000  -0.85265E-16
  -2.48000  -0.74384E-16
  -2.47000  -0.62292E-16
  -2.46000  -0.48946E-16
  -2.45000  -0.34306E-16
  -2.44000  -0.18337E-16
  -2.43000  -0.10096E-17
  -2.42000   0.17701E-16
  -2.41000   0.37812E-16
  -2.40000   0.59334E-16
  -2.39000   0.82267E-16
  -2.38000   0.10660E-15
  -2.37000   0.13232E-15
  -2.36000   0.15938E-15
  -2.35000   0.18775E-15
  -2.34000   0.21736E-15
  -2.33000   0.24813E-15
  -2.32000   0.27995E-15
  -2.31000   0.31273E-15
  -2.30000   0.34631E-15
  -2.29000   0.38053E-15
  -2.28000   0.41520E-15
  -2.27000   0.45012E-15
  -2.26000   0.48503E-15
  -2.25000   0.51966E-15
  -2.24000   0.55372E-15
  -2.23000   0.58687E-15
  -2.22000   0.61873E-15
  -2.21000   0.64892E-15
  -2.20000   0.67700E-15
  -2.19000   0.70251E-15
  -2.18000   0.72495E-15
  -2.17000   0.74381E-15
  -2.16000   0.75853E-15
  -2.15000   0.76855E-15
  -2.14000   0.77328E-15
  -2.13000   0.77215E-15
  -2.12000   0.76456E-15
  -2.11000   0.74994E-15
  -2.10000   0.72773E-15
  -2.09000   0.69745E-15
  -2.08000   0.65864E-15
  -2.07000   0.61095E-15
  -2.06000   0.55414E-15
  -2.05000   0.48811E-15
  -2.04000   0.41292E-15
  -2.03000   0.32889E-15
  -2.02000   0.23656E-15
  -2.01000   0.13682E-15
  -2.00000   0.30908E-16
  -1.99000  -0.79486E-16
  -1.98000  -0.19218E-15
  -1.97000  -0.30440E-15
  -1.96000  -0.41275E-15
  -1.95000  -0.51305E-15
  -1.94000  -0.60034E-15
  -1.93000  -0.66874E-15
  -1.92000  -0.71140E-15
  -1.91000  -0.72042E-15
  -1.90000  -0.68678E-15
  -1.89000  -0.60037E-15
  -1.88000  -0.44992E-15
  -1.87000  -0.22308E-15
  -1.86000   0.93449E-16
  -1.85000   0.51377E-15
  -1.84000   0.10525E-14
  -1.83000   0.17242E-14
  -1.82000   0.25431E-14
  -1.81000   0.35221E-14
  -1.80000   0.46716E-14
  -1.79000   0.59985E-14
  -1.78000   0.75045E-14
  -1.77000   0.91839E-14
  -1.76000   0.11022E-13
  -1.75000   0.12990E-13
  -1.74000   0.15045E-13
  -1.73000   0.17125E-13
  -1.72000   0.19146E-13
  -1.71000   0.20961E-13
  -1.70000   0.22459E-13
  -1.69000   0.23466E-13
  -1.68000   0.23790E-13
  -1.67000   0.23230E-13
  -1.66000   0.21594E-13
  -1.65000   0.18745E-13
  -1.64000   0.14666E-13
  -1.63000   0.95725E-14
  -1.62000   0.40881E-14
  -1.61000  -0.48326E-15
  -1.60000  -0.17383E-14
  -1.59000   0.44610E-14
  -1.58000   0.24948E-13
  -1.57000   0.70695E-13
  -1.56000   0.15898E-12
  -1.55000   0.31661E-12
  -1.54000   0.58480E-12
  -1.53000   0.10264E-11
  -1.52000   0.17368E-11
  -1.51000   0.28601E-11
  -1.50000   0.46142E-11
  -1.49000   0.73274E-11
  -1.48000   0.11496E-10
  -1.47000   0.17869E-10
  -1.46000   0.27585E-10
  -1.45000   0.42375E-10
  -1.44000   0.64884E-10
  -1.43000   0.99184E-10
  -1.42000   0.15157E-09
  -1.41000   0.23187E-09
  -1.40000   0.35554E-09
  -1.39000   0.54712E-09
  -1.38000   0.84607E-09
  -1.37000   0.13159E-08
  -1.36000   0.20637E-08
  -1.35000   0.32664E-08
  -1.34000   0.52275E-08
  -1.33000   0.84757E-08
  -1.32000   0.13954E-07
  -1.31000   0.23393E-07
  -1.30000   0.40060E-07
  -1.29000   0.70365E-07
  -1.28000   0.12741E-06
  -1.27000   0.23939E-06
  -1.26000   0.47081E-06
  -1.25000   0.98106E-06
  -1.24000   0.22051E-05
  -1.23000   0.54973E-05
  -1.22000   0.15951E-04
  -1.21000   0.59403E-04
  -1.20000   0.37038E-03
  -1.19000   0.22776E-01
  -1.18000   0.44568E-02
  -1.17000   0.25393E-02
  -1.16000   0.50464E-02
  -1.15000   0.89229E-01
  -1.14000   0.50683E+00
  -1.13000   0.85003E+00
  -1.12000   0.92396E+00
  -1.11000   0.96339E+00
  -1.10000   0.99789E+00
  -1.09000   0.10342E+01
  -1.08000   0.10740E+01
  -1.07000   0.11175E+01
  -1.06000   0.11644E+01
  -1.05000   0.12142E+01
  -1.04000   0.12663E+01
  -1.03000   0.13200E+01
  -1.02000   0.13747E+01
  -1.01000   0.14296E+01
  -1.00000   0.14842E+01
  -0.99000   0.15378E+01
  -0.98000   0.15897E+01
  -0.97000   0.16394E+01
  -0.96000   0.16865E+01
  -0.95000   0.17305E+01
  -0.94000   0.17712E+01
  -0.93000   0.18083E+01
  -0.92000   0.18417E+01
  -0.91000   0.18715E+01
  -0.90000   0.18976E+01
  -0.89000   0.19202E+01
  -0.88000   0.19394E+01
  -0.87000   0.19554E+01
  -0.86000   0.19685E+01
  -0.85000   0.19789E+01
  -0.84000   0.19869E+01
  -0.83000   0.19927E+01
  -0.82000   0.19967E+01
  -0.81000   0.19990E+01
  -0.80000   0.20000E+01
  -0.79000   0.19997E+01
  -0.78000   0.19984E+01
  -0.77000   0.19964E+01
  -0.76000   0.19937E+01
  -0.75000   0.19905E+01
  -0.74000   0.19869E+01
  -0.73000   0.19831E+01
  -0.72000   0.19791E+01
  -0.71000   0.19750E+01
  -0.70000   0.19709E+01
  -0.69000   0.19669E+01
  -0.68000   0.19629E+01
  -0.67000   0.19591E+01
  -0.66000   0.19554E+01
  -0.65000   0.19520E+01
  -0.64000   0.19487E+01
  -0.63000   0.19457E+01
  -0.62000   0.19429E+01
  -0.61000   0.19404E+01
  -0.60000   0.19381E+01
  -0.59000   0.19361E+01
  -0.58000   0.19343E+01
  -0.57000   0.19328E+01
  -0.56000   0.19315E+01
  -0.55000   0.19304E+01
  -0.54000   0.19296E+01
  -0.53000   0.19290E+01
  -0.52000   0.19286E+01
  -0.51000   0.19284E+01
  -0.50000   0.19284E+01
  -0.49000   0.19285E+01
  -0.48000   0.19289E+01
  -0.47000   0.19294E+01
  -0.46000   0.19300E+01
  -0.45000   0.19308E+01
  -0.44000   0.19317E+01
  -0.43000   0.19328E+01
  -0.42000   0.19339E+01
  -0.41000   0.19352E+01
  -0.40000   0.19365E+01
  -0.39000   0.19379E+01
  -0.38000   0.19394E+01
  -0.37000   0.19409E+01
  -0.36000   0.19426E+01
  -0.35000   0.19442E+01
  -0.34000   0.19459E+01
  -0.33000   0.19476E+01
  -0.32000   0.19494E+01
  -0.31000   0.19512E+01
  -0.30000   0.19529E+01
  -0.29000   0.19547E+01
  -0.28000   0.19565E+01
  -0.27000   0.19583E+01
  -0.26000   0.19601E+01
  -0.25000   0.19619E+01
  -0.24000   0.19636E+01
  -0.23000   0.19654E+01
  -0.22000   0.19671E+01
  -0.21000   0.19688E+01
  -0.20000   0.19704E+01
  -0.19000   0.19720E+01
  -0.18000   0.19736E+01
  -0.17000   0.19751E+01
  -0.16000   0.19767E+01
  -0.15000   0.19781E+01
  -0.14000   0.19795E+01
  -0.13000   0.19809E+01
  -0.12000   0.19822E+01
  -0.11000   0.19835E+01
  -0.10000   0.19847E+01
  -0.09000   0.19859E+01
  -0.08000   0.19870E+01
  -0.07000   0.19881E+01
  -0.06000   0.19891E+01
  -0.05000   0.19901E+01
  -0.04000   0.19910E+01
  -0.03000   0.19919E+01
  -0.02000   0.19928E+01
  -0.01000   0.19935E+01
   0.00000   0.19943E+01
   0.01000   0.19949E+01
   0.02000   0.19956E+01
   0.03000   0.19962E+01
   0.04000   0.19967E+01
   0.05000   0.19972E+01
   0.06000   0.19976E+01
   0.07000   0.19981E+01
   0.08000   0.19984E+01
   0.09000   0.19987E+01
   0.10000   0.19990E+01
   0.11000   0.19993E+01
   0.12000   0.19995E+01
   0.13000   0.19997E+01
   0.14000   0.19998E+01
   0.15000   0.19999E+01
   0.16000   0.20000E+01
   0.17000   0.20000E+01
   0.18000   0.20000E+01
   0.19000   0.20000E+01
   0.20000   0.19999E+01
   0.21000   0.19998E+01
   0.22000   0.19997E+01
   0.23000   0.19996E+01
   0.24000   0.19995E+01
   0.25000   0.19993E+01
   0.26000   0.19991E+01
   0.27000   0.19989E+01
   0.28000   0.19986E+01
   0.29000   0.19984E+01
   0.30000   0.19981E+01
   0.31000   0.19978E+01
   0.32000   0.19976E+01
   0.33000   0.19972E+01
   0.34000   0.19969E+01
   0.35000   0.19966E+01
   0.36000   0.19963E+01
   0.37000   0.19959E+01
   0.38000   0.19955E+01
   0.39000   0.19952E+01
   0.40000   0.19948E+01
   0.41000   0.19944E+01
   0.42000   0.19940E+01
   0.43000   0.19937E+01
   0.44000   0.19933E+01
   0.45000   0.19929E+01
   0.46000   0.19925E+01
   0.47000   0.19921E+01
   0.48000   0.19917E+01
   0.49000   0.19913E+01
   0.50000   0.19909E+01
   0.51000   0.19905E+01
   0.52000   0.19901E+01
   0.53000   0.19897E+01
   0.54000   0.19893E+01
   0.55000   0.19890E+01
   0.56000   0.19886E+01
   0.57000   0.19882E+01
   0.58000   0.19878E+01
   0.59000   0.19875E+01
   0.60000   0.19871E+01
   0.61000   0.19868E+01
   0.62000   0.19864E+01
   0.63000   0.19861E+01
   0.64000   0.19857E+01
   0.65000   0.19854E+01
   0.66000   0.19851E+01
   0.67000   0.19848E+01
   0.68000   0.19845E+01
   0.69000   0.19842E+01
   0.70000   0.19839E+01
   0.71000   0.19836E+01
   0.72000   0.19834E+01
   0.73000   0.19831E+01
   0.74000   0.19829E+01
   0.75000   0.19826E+01
   0.76000   0.19824E+01
   0.77000   0.19822E+01
   0.78000   0.19819E+01
   0.79000   0.19817E+01
   0.80000   0.19815E+01
   0.81000   0.19814E+01
   0.82000   0.19812E+01
   0.83000   0.19810E+01
   0.84000   0.19809E+01
   0.85000   0.19807E+01
   0.86000   0.19806E+01
   0.87000   0.19804E+01
   0.88000   0.19803E+01
   0.89000   0.19802E+01
   0.90000   0.19801E+01
   0.91000   0.19800E+01
   0.92000   0.19799E+01
   0.93000   0.19799E+01
   0.94000   0.19798E+01
   0.95000   0.19798E+01
   0.96000   0.19797E+01
   0.97000   0.19797E+01
   0.98000   0.19796E+01
   0.99000   0.19796E+01
   1.00000   0.19796E+01
   1.01000   0.19796E+01
   1.02000   0.19796E+01
   1.03000   0.19796E+01
   1.04000   0.19797E+01
   1.05000   0.19797E+01
   1.06000   0.19797E+01
   1.07000   0.19798E+01
   1.08000   0.19798E+01
   1.09000   0.19799E+01
   1.10000   0.19800E+01
   1.11000   0.19800E+01
   1.12000   0.19801E+01
   1.13000   0.19802E+01
   1.14000   0.19803E+01
   1.15000   0.19804E+01
   1.16000   0.19805E+01
   1.17000   0.19806E+01
   1.18000   0.19808E+01
   1.19000   0.19809E+01
   1.20000   0.19810E+01
   1.21000   0.19812E+01
   1.22000   0.19813E+01
   1.23000   0.19815E+01
   1.24000   0.19816E+01
   1.25000   0.19818E+01
   1.26000   0.19819E+01
   1.27000   0.19821E+01
   1.28000   0.19823E+01
   1.29000   0.19825E+01
   1.30000   0.19826E+01
   1.31000   0.19828E+01
   1.32000   0.19830E+01
   1.33000   0.19832E+01
   1.34000   0.19834E+01
   1.35000   0.19836E+01
   1.36000   0.19838E+01
   1.37000   0.19840E+01
   1.38000   0.19842E+01
   1.39000   0.19844E+01
   1.40000   0.19847E+01
   1.41000   0.19849E+01
   1.42000   0.19851E+01
   1.43000   0.19853E+01
   1.44000   0.19855E+01
   1.45000   0.19858E+01
   1.46000   0.19860E+01
   1.47000   0.19862E+01
   1.48000   0.19864E+01
   1.49000   0.19867E+01
   1.50000   0.19869E+01
   1.51000   0.19871E+01
   1.52000   0.19874E+01
   1.53000   0.19876E+01
   1.54000   0.19878E+01
   1.55000   0.19881E+01
   1.56000   0.19883E+01
   1.57000   0.19886E+01
   1.58000   0.19888E+01
   1.59000   0.19889E+01
   1.60000   0.19892E+01
   1.61000   0.19895E+01
   1.62000   0.19897E+01
   1.63000   0.19900E+01
   1.64000   0.19902E+01
   1.65000   0.19904E+01
   1.66000   0.19906E+01
   1.67000   0.19909E+01
   1.68000   0.19911E+01
   1.69000   0.19913E+01
   1.70000   0.19916E+01
   1.71000   0.19918E+01
   1.72000   0.19920E+01
   1.73000   0.19922E+01
   1.74000   0.19924E+01
   1.75000   0.19927E+01
   1.76000   0.19929E+01
   1.77000   0.19931E+01
   1.78000   0.19933E+01
   1.79000   0.19935E+01
   1.80000   0.19937E+01
   1.81000   0.19939E+01
   1.82000   0.19941E+01
   1.83000   0.19943E+01
   1.84000   0.19945E+01
   1.85000   0.19947E+01
   1.86000   0.19949E+01
   1.87000   0.19951E+01
   1.88000   0.19953E+01
   1.89000   0.19955E+01
   1.90000   0.19956E+01
   1.91000   0.19958E+01
   1.92000   0.19960E+01
   1.93000   0.19962E+01
   1.94000   0.19963E+01
   1.95000   0.19965E+01
   1.96000   0.19967E+01
   1.97000   0.19968E+01
   1.98000   0.19970E+01
   1.99000   0.19971E+01
   2.00000   0.19973E+01
   2.01000   0.19974E+01
   2.02000   0.19975E+01
   2.03000   0.19977E+01
   2.04000   0.19978E+01
   2.05000   0.19979E+01
   2.06000   0.19981E+01
   2.07000   0.19982E+01
   2.08000   0.19983E+01
   2.09000   0.19984E+01
   2.10000   0.19985E+01
   2.11000   0.19986E+01
   2.12000   0.19987E+01
   2.13000   0.19988E+01
   2.14000   0.19989E+01
   2.15000   0.19990E+01
   2.16000   0.19991E+01
   2.17000   0.19992E+01
   2.18000   0.19993E+01
   2.19000   0.19993E+01
   2.20000   0.19994E+01
   2.21000   0.19995E+01
   2.22000   0.19995E+01
   2.23000   0.19996E+01
   2.24000   0.19997E+01
   2.25000   0.19997E+01
   2.26000   0.19997E+01
   2.27000   0.19998E+01
   2.28000   0.19998E+01
   2.29000   0.19999E+01
   2.30000   0.19999E+01
   2.31000   0.19999E+01
   2.32000   0.19999E+01
   2.33000   0.20000E+01
   2.34000   0.20000E+01
   2.35000   0.20000E+01
   2.36000   0.20000E+01
   2.37000   0.20000E+01
   2.38000   0.20000E+01
   2.39000   0.20000E+01
   2.40000   0.20000E+01
   2.41000   0.20000E+01
   2.42000   0.20000E+01
   2.43000   0.19999E+01
   2.44000   0.19999E+01
   2.45000   0.19999E+01
   2.46000   0.19999E+01
   2.47000   0.19998E+01
   2.48000   0.19998E+01
   2.49000   0.19997E+01
   2.50000   0.19997E+01
   2.51000   0.19997E+01
   2.52000   0.19996E+01
   2.53000   0.19995E+01
   2.54000   0.19995E+01
   2.55000   0.19994E+01
   2.56000   0.19994E+01
   2.57000   0.19993E+01
   2.58000   0.19992E+01
   2.59000   0.19991E+01
   2.60000   0.19991E+01
   2.61000   0.19990E+01
   2.62000   0.19989E+01
   2.63000   0.19988E+01
   2.64000   0.19987E+01
   2.65000   0.19986E+01
   2.66000   0.19985E+01
   2.67000   0.19984E+01
   2.68000   0.19983E+01
   2.69000   0.19982E+01
   2.70000   0.19981E+01
   2.71000   0.19980E+01
   2.72000   0.19979E+01
   2.73000   0.19978E+01
   2.74000   0.19976E+01
   2.75000   0.19975E+01
   2.76000   0.19974E+01
   2.77000   0.19973E+01
   2.78000   0.19971E+01
   2.79000   0.19970E+01
   2.80000   0.19969E+01
   2.81000   0.19967E+01
   2.82000   0.19966E+01
   2.83000   0.19964E+01
   2.84000   0.19963E+01
   2.85000   0.19961E+01
   2.86000   0.19960E+01
   2.87000   0.19958E+01
   2.88000   0.19957E+01
   2.89000   0.19955E+01
   2.90000   0.19954E+01
   2.91000   0.19952E+01
   2.92000   0.19951E+01
   2.93000   0.19949E+01
   2.94000   0.19947E+01
   2.95000   0.19946E+01
   2.96000   0.19944E+01
   2.97000   0.19942E+01
   2.98000   0.19941E+01
   2.99000   0.19939E+01
   3.00000   0.19937E+01
   3.01000   0.19935E+01
   3.02000   0.19934E+01
   3.03000   0.19932E+01
   3.04000   0.19930E+01
   3.05000   0.19928E+01
   3.06000   0.19926E+01
   3.07000   0.19925E+01
   3.08000   0.19923E+01
   3.09000   0.19921E+01
   3.10000   0.19919E+01
   3.11000   0.19917E+01
   3.12000   0.19915E+01
   3.13000   0.19913E+01
   3.14000   0.19911E+01
   3.15000   0.19910E+01
   3.16000   0.19908E+01
   3.17000   0.19906E+01
   3.18000   0.19904E+01
   3.19000   0.19902E+01
   3.20000   0.19900E+01
   3.21000   0.19898E+01
   3.22000   0.19896E+01
   3.23000   0.19894E+01
   3.24000   0.19892E+01
   3.25000   0.19890E+01
   3.26000   0.19888E+01
   3.27000   0.19886E+01
   3.28000   0.19885E+01
   3.29000   0.19883E+01
   3.30000   0.19881E+01
   3.31000   0.19879E+01
   3.32000   0.19877E+01
   3.33000   0.19875E+01
   3.34000   0.19873E+01
   3.35000   0.19871E+01
   3.36000   0.19869E+01
   3.37000   0.19867E+01
   3.38000   0.19865E+01
   3.39000   0.19863E+01
   3.40000   0.19861E+01
   3.41000   0.19859E+01
   3.42000   0.19858E+01
   3.43000   0.19856E+01
   3.44000   0.19854E+01
   3.45000   0.19852E+01
   3.46000   0.19850E+01
   3.47000   0.19848E+01
   3.48000   0.19846E+01
   3.49000   0.19844E+01
   3.50000   0.19843E+01
   3.51000   0.19841E+01
   3.52000   0.19839E+01
   3.53000   0.19837E+01
   3.54000   0.19835E+01
   3.55000   0.19834E+01
   3.56000   0.19832E+01
   3.57000   0.19830E+01
   3.58000   0.19828E+01
   3.59000   0.19826E+01
   3.60000   0.19825E+01
   3.61000   0.19823E+01
   3.62000   0.19821E+01
   3.63000   0.19820E+01
   3.64000   0.19818E+01
   3.65000   0.19816E+01
   3.66000   0.19815E+01
   3.67000   0.19813E+01
   3.68000   0.19812E+01
   3.69000   0.19810E+01
   3.70000   0.19808E+01
   3.71000   0.19807E+01
   3.72000   0.19805E+01
   3.73000   0.19804E+01
   3.74000   0.19802E+01
   3.75000   0.19801E+01
   3.76000   0.19799E+01
   3.77000   0.19798E+01
   3.78000   0.19797E+01
   3.79000   0.19795E+01
   3.80000   0.19794E+01
   3.81000   0.19792E+01
   3.82000   0.19791E+01
   3.83000   0.19790E+01
   3.84000   0.19789E+01
   3.85000   0.19787E+01
   3.86000   0.19786E+01
   3.87000   0.19785E+01
   3.88000   0.19784E+01
   3.89000   0.19782E+01
   3.90000   0.19781E+01
   3.91000   0.19780E+01
   3.92000   0.19779E+01
   3.93000   0.19778E+01
   3.94000   0.19777E+01
   3.95000   0.19776E+01
   3.96000   0.19775E+01
   3.97000   0.19774E+01
   3.98000   0.19773E+01
   3.99000   0.19772E+01
   4.00000   0.19771E+01
   4.01000   0.19771E+01
   4.02000   0.19770E+01
   4.03000   0.19769E+01
   4.04000   0.19768E+01
   4.05000   0.19767E+01
   4.06000   0.19767E+01
   4.07000   0.19766E+01
   4.08000   0.19765E+01
   4.09000   0.19765E+01
   4.10000   0.19764E+01
   4.11000   0.19764E+01
   4.12000   0.19763E+01
   4.13000   0.19763E+01
   4.14000   0.19762E+01
   4.15000   0.19762E+01
   4.16000   0.19761E+01
   4.17000   0.19761E+01
   4.18000   0.19761E+01
   4.19000   0.19760E+01
   4.20000   0.19760E+01
   4.21000   0.19760E+01
   4.22000   0.19760E+01
   4.23000   0.19759E+01
   4.24000   0.19759E+01
   4.25000   0.19759E+01
   4.26000   0.19759E+01
   4.27000   0.19759E+01
   4.28000   0.19759E+01
   4.29000   0.19759E+01
   4.30000   0.19759E+01
   4.31000   0.19759E+01
   4.32000   0.19759E+01
   4.33000   0.19759E+01
   4.34000   0.19760E+01
   4.35000   0.19760E+01
   4.36000   0.19760E+01
   4.37000   0.19760E+01
   4.38000   0.19761E+01
   4.39000   0.19761E+01
   4.40000   0.19762E+01
   4.41000   0.19762E+01
   4.42000   0.19763E+01
   4.43000   0.19763E+01
   4.44000   0.19764E+01
   4.45000   0.19764E+01
   4.46000   0.19765E+01
   4.47000   0.19766E+01
   4.48000   0.19766E+01
   4.49000   0.19767E+01
   4.50000   0.19768E+01
   4.51000   0.19769E+01
   4.52000   0.19770E+01
   4.53000   0.19770E+01
   4.54000   0.19771E+01
   4.55000   0.19772E+01
   4.56000   0.19773E+01
   4.57000   0.19774E+01
   4.58000   0.19776E+01
   4.59000   0.19777E+01
   4.60000   0.19778E+01
   4.61000   0.19779E+01
   4.62000   0.19780E+01
   4.63000   0.19782E+01
   4.64000   0.19783E+01
   4.65000   0.19784E+01
   4.66000   0.19786E+01
   4.67000   0.19787E+01
   4.68000   0.19789E+01
   4.69000   0.19790E+01
   4.70000   0.19792E+01
   4.71000   0.19793E+01
   4.72000   0.19795E+01
   4.73000   0.19797E+01
   4.74000   0.19798E+01
   4.75000   0.19800E+01
   4.76000   0.19802E+01
   4.77000   0.19804E+01
   4.78000   0.19806E+01
   4.79000   0.19807E+01
   4.80000   0.19809E+01
   4.81000   0.19811E+01
   4.82000   0.19813E+01
   4.83000   0.19816E+01
   4.84000   0.19818E+01
   4.85000   0.19820E+01
   4.86000   0.19822E+01
   4.87000   0.19824E+01
   4.88000   0.19826E+01
   4.89000   0.19829E+01
   4.90000   0.19831E+01
   4.91000   0.19833E+01
   4.92000   0.19836E+01
   4.93000   0.19838E+01
   4.94000   0.19841E+01
   4.95000   0.19843E+01
   4.96000   0.19846E+01
   4.97000   0.19848E+01
   4.98000   0.19851E+01
   4.99000   0.19854E+01
   5.00000   0.19856E+01
   5.01000   0.19859E+01
   5.02000   0.19862E+01
   5.03000   0.19865E+01
   5.04000   0.19868E+01
   5.05000   0.19870E+01
   5.06000   0.19873E+01
   5.07000   0.19876E+01
   5.08000   0.19879E+01
   5.09000   0.19882E+01
   5.10000   0.19885E+01
   5.11000   0.19888E+01
   5.12000   0.19891E+01
   5.13000   0.19894E+01
   5.14000   0.19897E+01
   5.15000   0.19901E+01
   5.16000   0.19904E+01
   5.17000   0.19907E+01
   5.18000   0.19910E+01
   5.19000   0.19913E+01
   5.20000   0.19917E+01
   5.21000   0.19920E+01
   5.22000   0.19923E+01
   5.23000   0.19926E+01
   5.24000   0.19930E+01
   5.25000   0.19933E+01
   5.26000   0.19936E+01
   5.27000   0.19940E+01
   5.28000   0.19943E+01
   5.29000   0.19946E+01
   5.30000   0.19950E+01
   5.31000   0.19953E+01
   5.32000   0.19956E+01
   5.33000   0.19959E+01
   5.34000   0.19962E+01
   5.35000   0.19966E+01
   5.36000   0.19969E+01
   5.37000   0.19972E+01
   5.38000   0.19975E+01
   5.39000   0.19978E+01
   5.40000   0.19980E+01
   5.41000   0.19983E+01
   5.42000   0.19986E+01
   5.43000   0.19988E+01
   5.44000   0.19991E+01
   5.45000   0.19993E+01
   5.46000   0.19995E+01
   5.47000   0.19996E+01
   5.48000   0.19998E+01
   5.49000   0.19999E+01
   5.50000   0.20000E+01
   5.51000   0.20000E+01
   5.52000   0.20000E+01
   5.53000   0.19999E+01
   5.54000   0.19998E+01
   5.55000   0.19995E+01
   5.56000   0.19992E+01
   5.57000   0.19987E+01
   5.58000   0.19981E+01
   5.59000   0.19974E+01
   5.60000   0.19963E+01
   5.61000   0.19950E+01
   5.62000   0.19933E+01
   5.63000   0.19910E+01
   5.64000   0.19880E+01
   5.65000   0.19839E+01
   5.66000   0.19782E+01
   5.67000   0.19698E+01
   5.68000   0.19568E+01
   5.69000   0.19342E+01
   5.70000   0.18878E+01
   5.71000   0.17470E+01
   5.72000   0.20142E+00
   5.73000   0.15249E-02
   5.74000   0.35639E-03
   5.75000   0.14227E-03
   5.76000   0.71686E-04
   5.77000   0.41233E-04
   5.78000   0.25849E-04
   5.79000   0.17220E-04
   5.80000   0.12003E-04
   5.81000   0.86658E-05
   5.82000   0.64354E-05
   5.83000   0.48907E-05
   5.84000   0.37890E-05
   5.85000   0.29840E-05
   5.86000   0.23834E-05
   5.87000   0.19272E-05
   5.88000   0.15752E-05
   5.89000   0.12999E-05
   5.90000   0.10819E-05
   5.91000   0.90732E-06
   5.92000   0.76627E-06
   5.93000   0.65124E-06
   5.94000   0.55662E-06
   5.95000   0.47831E-06
   5.96000   0.41297E-06
   5.97000   0.35821E-06
   5.98000   0.31196E-06
   5.99000   0.27273E-06
   6.00000   0.23933E-06
    
