  -4.70000   0.31725E+00
  -4.90000   0.53797E+00
  -5.00000   0.99196E+00
  -4.80000   0.61635E+00
  -4.69000   0.30432E+00
  -4.89000   0.20103E+01
  -4.79000   0.56367E+00
  -4.99000   0.10116E+01
  -4.68000   0.29295E+00
  -4.88000   0.17219E+01
  -4.78000   0.51824E+00
  -4.98000   0.10256E+01
  -4.67000   0.28293E+00
  -4.77000   0.47900E+00
  -4.87000   0.14189E+01
  -4.97000   0.10305E+01
  -4.66000   0.27406E+00
  -4.76000   0.44508E+00
  -4.86000   0.12075E+01
  -4.96000   0.10224E+01
  -4.65000   0.26619E+00
  -4.75000   0.41570E+00
  -4.85000   0.10531E+01
  -4.95000   0.99721E+00
  -4.64000   0.25920E+00
  -4.74000   0.39020E+00
  -4.84000   0.93200E+00
  -4.94000   0.94964E+00
  -4.63000   0.25297E+00
  -4.73000   0.36807E+00
  -4.83000   0.83259E+00
  -4.93000   0.87292E+00
  -4.62000   0.24742E+00
  -4.72000   0.34880E+00
  -4.82000   0.74893E+00
  -4.92000   0.75765E+00
  -4.61000   0.24245E+00
  -4.71000   0.33197E+00
  -4.81000   0.67761E+00
  -4.91000   0.60030E+00
  -4.30000   0.26394E+00
  -4.40000   0.21456E+00
  -4.50000   0.21316E+00
  -4.60000   0.23801E+00
  -4.29000   0.27477E+00
  -4.39000   0.21648E+00
  -4.49000   0.21214E+00
  -4.59000   0.23403E+00
  -4.28000   0.28745E+00
  -4.38000   0.21885E+00
  -4.48000   0.21135E+00
  -4.58000   0.23046E+00
  -4.27000   0.30230E+00
  -4.47000   0.21080E+00
  -4.37000   0.22175E+00
  -4.57000   0.22726E+00
  -4.26000   0.31974E+00
  -4.46000   0.21049E+00
  -4.36000   0.22522E+00
  -4.56000   0.22441E+00
  -4.25000   0.34025E+00
  -4.45000   0.21042E+00
  -4.35000   0.22936E+00
  -4.55000   0.22187E+00
  -4.24000   0.36444E+00
  -4.44000   0.21063E+00
  -4.34000   0.23425E+00
  -4.54000   0.21962E+00
  -4.23000   0.39308E+00
  -4.43000   0.21112E+00
  -4.33000   0.24001E+00
  -4.53000   0.21763E+00
  -4.22000   0.42707E+00
  -4.42000   0.21193E+00
  -4.32000   0.24676E+00
  -4.52000   0.21590E+00
  -4.21000   0.46759E+00
  -4.41000   0.21306E+00
  -4.31000   0.25468E+00
  -4.51000   0.21441E+00
  -3.90000   0.19835E+01
  -4.10000   0.20236E+01
  -4.00000   0.28708E+01
  -4.20000   0.51607E+00
  -3.89000   0.19846E+01
  -4.09000   0.23169E+01
  -3.99000   0.27159E+01
  -4.19000   0.57429E+00
  -3.88000   0.20007E+01
  -4.08000   0.26079E+01
  -3.98000   0.25677E+01
  -4.18000   0.64448E+00
  -3.87000   0.20318E+01
  -4.07000   0.28706E+01
  -3.97000   0.24332E+01
  -4.17000   0.72934E+00
  -3.86000   0.20784E+01
  -4.06000   0.30787E+01
  -3.96000   0.23157E+01
  -4.16000   0.83214E+00
  -3.85000   0.21406E+01
  -4.05000   0.32124E+01
  -3.95000   0.22167E+01
  -4.15000   0.95667E+00
  -3.84000   0.22191E+01
  -4.04000   0.32637E+01
  -3.94000   0.21360E+01
  -4.14000   0.11071E+01
  -3.83000   0.23139E+01
  -4.03000   0.32378E+01
  -3.93000   0.20731E+01
  -4.13000   0.12875E+01
  -3.82000   0.24250E+01
  -4.02000   0.31500E+01
  -3.92000   0.20273E+01
  -4.12000   0.15009E+01
  -3.81000   0.25511E+01
  -4.01000   0.30210E+01
  -3.91000   0.19976E+01
  -4.11000   0.17477E+01
  -3.50000   0.49211E+00
  -3.70000   0.26565E+01
  -3.60000   0.91599E+00
  -3.80000   0.26897E+01
  -3.49000   0.47437E+00
  -3.69000   0.24120E+01
  -3.59000   0.83999E+00
  -3.79000   0.28356E+01
  -3.48000   0.45896E+00
  -3.68000   0.21676E+01
  -3.58000   0.77493E+00
  -3.78000   0.29806E+01
  -3.47000   0.44561E+00
  -3.67000   0.19361E+01
  -3.57000   0.71911E+00
  -3.77000   0.31130E+01
  -3.46000   0.43410E+00
  -3.66000   0.17247E+01
  -3.56000   0.67110E+00
  -3.76000   0.32173E+01
  -3.45000   0.42425E+00
  -3.65000   0.15368E+01
  -3.55000   0.62969E+00
  -3.75000   0.32769E+01
  -3.44000   0.41592E+00
  -3.64000   0.13726E+01
  -3.54000   0.59389E+00
  -3.74000   0.32768E+01
  -3.43000   0.40900E+00
  -3.63000   0.12307E+01
  -3.53000   0.56287E+00
  -3.73000   0.32087E+01
  -3.42000   0.40339E+00
  -3.62000   0.11090E+01
  -3.52000   0.53592E+00
  -3.72000   0.30739E+01
  -3.41000   0.39903E+00
  -3.61000   0.10049E+01
  -3.51000   0.51249E+00
  -3.71000   0.28838E+01
  -3.10000   0.27445E+01
  -3.30000   0.43974E+00
  -3.20000   0.87053E+00
  -3.40000   0.39589E+00
  -3.09000   0.25691E+01
  -3.29000   0.45483E+00
  -3.19000   0.98805E+00
  -3.39000   0.39395E+00
  -3.08000   0.22832E+01
  -3.28000   0.47314E+00
  -3.18000   0.11368E+01
  -3.38000   0.39320E+00
  -3.07000   0.19430E+01
  -3.27000   0.49530E+00
  -3.17000   0.13246E+01
  -3.37000   0.39369E+00
  -3.06000   0.16095E+01
  -3.26000   0.52213E+00
  -3.16000   0.15582E+01
  -3.36000   0.39546E+00
  -3.05000   0.13202E+01
  -3.25000   0.55469E+00
  -3.15000   0.18382E+01
  -3.35000   0.39858E+00
  -3.04000   0.10855E+01
  -3.24000   0.59435E+00
  -3.14000   0.21488E+01
  -3.34000   0.40316E+00
  -3.03000   0.90131E+00
  -3.23000   0.64294E+00
  -3.13000   0.24487E+01
  -3.33000   0.40936E+00
  -3.02000   0.75817E+00
  -3.22000   0.70286E+00
  -3.12000   0.26768E+01
  -3.32000   0.41735E+00
  -3.01000   0.64679E+00
  -3.21000   0.77731E+00
  -3.11000   0.27818E+01
  -3.31000   0.42737E+00
  -2.70000   0.12350E+00
  -2.90000   0.22753E+00
  -2.80000   0.15305E+00
  -3.00000   0.55947E+00
  -2.69000   0.12152E+00
  -2.89000   0.21559E+00
  -2.79000   0.14896E+00
  -2.99000   0.49030E+00
  -2.68000   0.11966E+00
  -2.88000   0.20511E+00
  -2.78000   0.14521E+00
  -2.98000   0.43488E+00
  -2.67000   0.11790E+00
  -2.87000   0.19585E+00
  -2.77000   0.14175E+00
  -2.97000   0.38995E+00
  -2.66000   0.11624E+00
  -2.86000   0.18763E+00
  -2.76000   0.13855E+00
  -2.96000   0.35312E+00
  -2.65000   0.11467E+00
  -2.85000   0.18029E+00
  -2.75000   0.13558E+00
  -2.95000   0.32259E+00
  -2.64000   0.11319E+00
  -2.84000   0.17371E+00
  -2.74000   0.13283E+00
  -2.94000   0.29704E+00
  -2.63000   0.11178E+00
  -2.83000   0.16777E+00
  -2.73000   0.13026E+00
  -2.93000   0.27545E+00
  -2.62000   0.11044E+00
  -2.82000   0.16239E+00
  -2.72000   0.12786E+00
  -2.92000   0.25705E+00
  -2.61000   0.10917E+00
  -2.81000   0.15751E+00
  -2.71000   0.12561E+00
  -2.91000   0.24123E+00
  -2.30000   0.88970E-01
  -2.50000   0.98586E-01
  -2.40000   0.92637E-01
  -2.60000   0.10797E+00
  -2.29000   0.88704E-01
  -2.49000   0.97863E-01
  -2.39000   0.92180E-01
  -2.59000   0.10682E+00
  -2.28000   0.88456E-01
  -2.48000   0.97172E-01
  -2.38000   0.91745E-01
  -2.58000   0.10572E+00
  -2.27000   0.88223E-01
  -2.47000   0.96511E-01
  -2.37000   0.91330E-01
  -2.57000   0.10468E+00
  -2.26000   0.88007E-01
  -2.46000   0.95879E-01
  -2.36000   0.90936E-01
  -2.56000   0.10368E+00
  -2.25000   0.87807E-01
  -2.45000   0.95275E-01
  -2.35000   0.90562E-01
  -2.55000   0.10273E+00
  -2.24000   0.87622E-01
  -2.44000   0.94698E-01
  -2.34000   0.90207E-01
  -2.54000   0.10183E+00
  -2.23000   0.87452E-01
  -2.43000   0.94146E-01
  -2.33000   0.89870E-01
  -2.53000   0.10096E+00
  -2.22000   0.87298E-01
  -2.42000   0.93620E-01
  -2.32000   0.89552E-01
  -2.52000   0.10013E+00
  -2.21000   0.87158E-01
  -2.41000   0.93117E-01
  -2.31000   0.89252E-01
  -2.51000   0.99342E-01
  -1.90000   0.89476E-01
  -2.10000   0.86547E-01
  -2.00000   0.87378E-01
  -2.20000   0.87033E-01
  -1.89000   0.89758E-01
  -2.09000   0.86572E-01
  -1.99000   0.87531E-01
  -2.19000   0.86922E-01
  -1.88000   0.90050E-01
  -2.08000   0.86611E-01
  -1.98000   0.87697E-01
  -2.18000   0.86825E-01
  -1.87000   0.90354E-01
  -2.07000   0.86662E-01
  -1.97000   0.87875E-01
  -2.17000   0.86743E-01
  -1.86000   0.90672E-01
  -2.06000   0.86726E-01
  -1.96000   0.88066E-01
  -2.16000   0.86674E-01
  -1.85000   0.91002E-01
  -2.05000   0.86803E-01
  -1.95000   0.88269E-01
  -2.15000   0.86619E-01
  -1.84000   0.91345E-01
  -1.94000   0.88485E-01
  -2.04000   0.86892E-01
  -2.14000   0.86578E-01
  -1.83000   0.91701E-01
  -1.93000   0.88714E-01
  -2.03000   0.86995E-01
  -2.13000   0.86550E-01
  -1.82000   0.92070E-01
  -1.92000   0.88955E-01
  -2.02000   0.87110E-01
  -2.12000   0.86536E-01
  -1.81000   0.92453E-01
  -1.91000   0.89209E-01
  -2.01000   0.87238E-01
  -2.11000   0.86535E-01
  -1.50000   0.11101E+00
  -1.70000   0.97529E-01
  -1.60000   0.10357E+00
  -1.80000   0.92848E-01
  -1.49000   0.11184E+00
  -1.59000   0.10425E+00
  -1.69000   0.98071E-01
  -1.79000   0.93256E-01
  -1.48000   0.11267E+00
  -1.58000   0.10495E+00
  -1.68000   0.98627E-01
  -1.78000   0.93677E-01
  -1.47000   0.11352E+00
  -1.57000   0.10566E+00
  -1.67000   0.99197E-01
  -1.77000   0.94112E-01
  -1.46000   0.11438E+00
  -1.56000   0.10638E+00
  -1.66000   0.99780E-01
  -1.76000   0.94560E-01
  -1.45000   0.11525E+00
  -1.55000   0.10712E+00
  -1.65000   0.10038E+00
  -1.75000   0.95021E-01
  -1.44000   0.11614E+00
  -1.54000   0.10787E+00
  -1.64000   0.10099E+00
  -1.74000   0.95495E-01
  -1.43000   0.11704E+00
  -1.53000   0.10864E+00
  -1.63000   0.10161E+00
  -1.73000   0.95983E-01
  -1.42000   0.11796E+00
  -1.52000   0.10941E+00
  -1.62000   0.10225E+00
  -1.72000   0.96485E-01
  -1.41000   0.11888E+00
  -1.51000   0.11021E+00
  -1.61000   0.10291E+00
  -1.71000   0.97000E-01
  -1.10000   0.15152E+00
  -1.20000   0.14065E+00
  -1.30000   0.12983E+00
  -1.40000   0.11982E+00
  -1.09000   0.15257E+00
  -1.19000   0.14175E+00
  -1.29000   0.13089E+00
  -1.39000   0.12077E+00
  -1.08000   0.15360E+00
  -1.18000   0.14285E+00
  -1.28000   0.13195E+00
  -1.38000   0.12174E+00
  -1.07000   0.15462E+00
  -1.17000   0.14395E+00
  -1.27000   0.13302E+00
  -1.37000   0.12271E+00
  -1.06000   0.15563E+00
  -1.16000   0.14504E+00
  -1.26000   0.13409E+00
  -1.36000   0.12370E+00
  -1.05000   0.15662E+00
  -1.15000   0.14614E+00
  -1.25000   0.13518E+00
  -1.35000   0.12470E+00
  -1.04000   0.15759E+00
  -1.14000   0.14723E+00
  -1.24000   0.13626E+00
  -1.34000   0.12570E+00
  -1.03000   0.15854E+00
  -1.13000   0.14831E+00
  -1.23000   0.13735E+00
  -1.33000   0.12672E+00
  -1.02000   0.15947E+00
  -1.12000   0.14939E+00
  -1.22000   0.13845E+00
  -1.32000   0.12775E+00
  -1.01000   0.16037E+00
  -1.11000   0.15046E+00
  -1.21000   0.13955E+00
  -1.31000   0.12879E+00
  -0.70000   0.16610E+00
  -0.80000   0.17042E+00
  -0.90000   0.16821E+00
  -1.00000   0.16125E+00
  -0.69000   0.16527E+00
  -0.79000   0.17031E+00
  -0.89000   0.16867E+00
  -0.99000   0.16211E+00
  -0.68000   0.16436E+00
  -0.78000   0.17013E+00
  -0.88000   0.16909E+00
  -0.98000   0.16293E+00
  -0.67000   0.16338E+00
  -0.77000   0.16987E+00
  -0.87000   0.16946E+00
  -0.97000   0.16372E+00
  -0.66000   0.16233E+00
  -0.76000   0.16955E+00
  -0.86000   0.16977E+00
  -0.96000   0.16447E+00
  -0.65000   0.16120E+00
  -0.75000   0.16916E+00
  -0.85000   0.17003E+00
  -0.95000   0.16520E+00
  -0.64000   0.16001E+00
  -0.74000   0.16870E+00
  -0.84000   0.17023E+00
  -0.94000   0.16588E+00
  -0.63000   0.15874E+00
  -0.73000   0.16816E+00
  -0.83000   0.17037E+00
  -0.93000   0.16652E+00
  -0.62000   0.15742E+00
  -0.72000   0.16755E+00
  -0.82000   0.17045E+00
  -0.92000   0.16713E+00
  -0.61000   0.15603E+00
  -0.71000   0.16686E+00
  -0.81000   0.17047E+00
  -0.91000   0.16769E+00
  -0.30000   0.10682E+00
  -0.40000   0.12012E+00
  -0.50000   0.13773E+00
  -0.60000   0.15458E+00
  -0.29000   0.10583E+00
  -0.39000   0.11853E+00
  -0.49000   0.13591E+00
  -0.59000   0.15307E+00
  -0.28000   0.10491E+00
  -0.38000   0.11699E+00
  -0.48000   0.13409E+00
  -0.58000   0.15152E+00
  -0.27000   0.10405E+00
  -0.37000   0.11550E+00
  -0.47000   0.13227E+00
  -0.57000   0.14991E+00
  -0.26000   0.10325E+00
  -0.36000   0.11407E+00
  -0.46000   0.13046E+00
  -0.56000   0.14827E+00
  -0.25000   0.10252E+00
  -0.35000   0.11271E+00
  -0.45000   0.12867E+00
  -0.55000   0.14658E+00
  -0.24000   0.10184E+00
  -0.34000   0.11140E+00
  -0.44000   0.12689E+00
  -0.54000   0.14486E+00
  -0.23000   0.10122E+00
  -0.33000   0.11016E+00
  -0.43000   0.12515E+00
  -0.53000   0.14310E+00
  -0.22000   0.10065E+00
  -0.32000   0.10898E+00
  -0.42000   0.12344E+00
  -0.52000   0.14133E+00
  -0.21000   0.10014E+00
  -0.31000   0.10786E+00
  -0.41000   0.12175E+00
  -0.51000   0.13953E+00
   0.10000   0.10585E+00
   0.00000   0.99905E-01
  -0.10000   0.97714E-01
  -0.20000   0.99678E-01
   0.11000   0.10665E+00
   0.01000   0.10033E+00
  -0.09000   0.97757E-01
  -0.19000   0.99271E-01
   0.12000   0.10749E+00
   0.02000   0.10080E+00
  -0.08000   0.97843E-01
  -0.18000   0.98914E-01
   0.13000   0.10837E+00
   0.03000   0.10130E+00
  -0.07000   0.97966E-01
  -0.17000   0.98605E-01
   0.14000   0.10928E+00
   0.04000   0.10184E+00
  -0.06000   0.98129E-01
  -0.16000   0.98342E-01
   0.15000   0.11024E+00
   0.05000   0.10242E+00
  -0.05000   0.98330E-01
  -0.15000   0.98128E-01
   0.16000   0.11123E+00
   0.06000   0.10303E+00
  -0.04000   0.98570E-01
  -0.14000   0.97958E-01
   0.17000   0.11227E+00
   0.07000   0.10368E+00
  -0.03000   0.98848E-01
  -0.13000   0.97833E-01
   0.18000   0.11335E+00
   0.08000   0.10437E+00
  -0.02000   0.99163E-01
  -0.12000   0.97751E-01
   0.19000   0.11447E+00
   0.09000   0.10509E+00
  -0.01000   0.99515E-01
  -0.11000   0.97712E-01
   0.50000   0.17285E+00
   0.40000   0.14846E+00
   0.30000   0.12961E+00
   0.20000   0.11562E+00
   0.51000   0.17562E+00
   0.41000   0.15064E+00
   0.31000   0.13127E+00
   0.21000   0.11682E+00
   0.52000   0.17845E+00
   0.42000   0.15287E+00
   0.32000   0.13297E+00
   0.22000   0.11807E+00
   0.53000   0.18135E+00
   0.43000   0.15516E+00
   0.33000   0.13472E+00
   0.23000   0.11935E+00
   0.54000   0.18430E+00
   0.44000   0.15751E+00
   0.34000   0.13653E+00
   0.24000   0.12068E+00
   0.55000   0.18732E+00
   0.45000   0.15992E+00
   0.35000   0.13838E+00
   0.25000   0.12205E+00
   0.56000   0.19041E+00
   0.46000   0.16238E+00
   0.36000   0.14029E+00
   0.26000   0.12347E+00
   0.57000   0.19355E+00
   0.47000   0.16491E+00
   0.37000   0.14225E+00
   0.27000   0.12494E+00
   0.58000   0.19676E+00
   0.48000   0.16750E+00
   0.38000   0.14426E+00
   0.28000   0.12645E+00
   0.59000   0.20003E+00
   0.49000   0.17014E+00
   0.39000   0.14634E+00
   0.29000   0.12801E+00
   0.90000   0.32552E+00
   0.80000   0.28166E+00
   0.70000   0.24001E+00
   0.60000   0.20336E+00
   0.91000   0.32987E+00
   0.81000   0.28601E+00
   0.71000   0.24398E+00
   0.61000   0.20676E+00
   0.92000   0.33418E+00
   0.82000   0.29038E+00
   0.72000   0.24800E+00
   0.62000   0.21022E+00
   0.93000   0.33846E+00
   0.83000   0.29477E+00
   0.73000   0.25207E+00
   0.63000   0.21374E+00
   0.94000   0.34270E+00
   0.84000   0.29917E+00
   0.74000   0.25618E+00
   0.64000   0.21732E+00
   0.95000   0.34689E+00
   0.85000   0.30357E+00
   0.75000   0.26034E+00
   0.65000   0.22095E+00
   0.96000   0.35103E+00
   0.86000   0.30798E+00
   0.76000   0.26454E+00
   0.66000   0.22465E+00
   0.97000   0.35511E+00
   0.87000   0.31238E+00
   0.77000   0.26877E+00
   0.67000   0.22841E+00
   0.88000   0.31677E+00
   0.98000   0.35913E+00
   0.78000   0.27304E+00
   0.68000   0.23222E+00
   0.89000   0.32116E+00
   0.99000   0.36309E+00
   0.79000   0.27734E+00
   0.69000   0.23609E+00
   1.20000   0.42218E+00
   1.30000   0.43192E+00
   1.10000   0.40053E+00
   1.00000   0.36696E+00
   1.21000   0.42364E+00
   1.31000   0.43240E+00
   1.11000   0.40327E+00
   1.01000   0.37076E+00
   1.22000   0.42499E+00
   1.12000   0.40589E+00
   1.32000   0.43283E+00
   1.02000   0.37448E+00
   1.23000   0.42621E+00
   1.13000   0.40838E+00
   1.33000   0.43320E+00
   1.03000   0.37810E+00
   1.24000   0.42732E+00
   1.14000   0.41074E+00
   1.34000   0.43353E+00
   1.04000   0.38162E+00
   1.25000   0.42833E+00
   1.15000   0.41297E+00
   1.35000   0.43383E+00
   1.05000   0.38505E+00
   1.26000   0.42923E+00
   1.16000   0.41507E+00
   1.36000   0.43411E+00
   1.06000   0.38837E+00
   1.27000   0.43003E+00
   1.17000   0.41704E+00
   1.37000   0.43437E+00
   1.07000   0.39159E+00
   1.28000   0.43074E+00
   1.18000   0.41888E+00
   1.38000   0.43464E+00
   1.08000   0.39469E+00
   1.19000   0.42059E+00
   1.29000   0.43137E+00
   1.39000   0.43492E+00
   1.09000   0.39767E+00
   1.60000   0.46488E+00
   1.50000   0.44217E+00
   1.70000   0.51410E+00
   1.40000   0.43522E+00
   1.61000   0.46847E+00
   1.51000   0.44353E+00
   1.71000   0.52075E+00
   1.41000   0.43556E+00
   1.62000   0.47234E+00
   1.52000   0.44506E+00
   1.72000   0.52774E+00
   1.42000   0.43594E+00
   1.63000   0.47649E+00
   1.53000   0.44677E+00
   1.73000   0.53503E+00
   1.43000   0.43638E+00
   1.64000   0.48093E+00
   1.54000   0.44869E+00
   1.74000   0.54263E+00
   1.44000   0.43689E+00
   1.65000   0.48568E+00
   1.55000   0.45080E+00
   1.75000   0.55054E+00
   1.45000   0.43749E+00
   1.66000   0.49074E+00
   1.56000   0.45314E+00
   1.76000   0.55876E+00
   1.46000   0.43818E+00
   1.67000   0.49610E+00
   1.57000   0.45570E+00
   1.77000   0.56727E+00
   1.47000   0.43898E+00
   1.68000   0.50178E+00
   1.58000   0.45851E+00
   1.78000   0.57607E+00
   1.48000   0.43991E+00
   1.69000   0.50778E+00
   1.59000   0.46157E+00
   1.79000   0.58515E+00
   1.49000   0.44096E+00
   2.00000   0.80196E+00
   1.90000   0.69818E+00
   2.10000   0.87438E+00
   1.80000   0.59449E+00
   2.01000   0.81111E+00
   1.91000   0.70905E+00
   2.11000   0.87885E+00
   1.81000   0.60408E+00
   2.02000   0.81991E+00
   1.92000   0.71990E+00
   2.12000   0.88275E+00
   1.82000   0.61389E+00
   2.03000   0.82832E+00
   1.93000   0.73069E+00
   2.13000   0.88607E+00
   1.83000   0.62392E+00
   2.04000   0.83633E+00
   1.94000   0.74139E+00
   2.14000   0.88878E+00
   1.84000   0.63414E+00
   2.05000   0.84390E+00
   1.95000   0.75197E+00
   2.15000   0.89087E+00
   1.85000   0.64454E+00
   2.06000   0.85101E+00
   1.96000   0.76240E+00
   2.16000   0.89236E+00
   1.86000   0.65508E+00
   2.07000   0.85763E+00
   1.97000   0.77272E+00
   2.17000   0.89323E+00
   1.87000   0.66574E+00
   2.08000   0.86375E+00
   1.98000   0.78273E+00
   2.18000   0.89349E+00
   1.88000   0.67650E+00
   2.09000   0.86934E+00
   1.99000   0.79249E+00
   2.19000   0.89314E+00
   1.89000   0.68732E+00
   2.40000   0.77617E+00
   2.30000   0.85161E+00
   2.50000   0.78107E+00
   2.20000   0.89217E+00
   2.41000   0.76905E+00
   2.31000   0.84495E+00
   2.51000   0.80826E+00
   2.21000   0.89061E+00
   2.42000   0.76250E+00
   2.32000   0.83794E+00
   2.52000   0.85057E+00
   2.22000   0.88844E+00
   2.33000   0.83063E+00
   2.43000   0.75675E+00
   2.53000   0.91615E+00
   2.23000   0.88570E+00
   2.34000   0.82307E+00
   2.44000   0.75209E+00
   2.54000   0.10189E+01
   2.24000   0.88239E+00
   2.35000   0.81532E+00
   2.45000   0.74890E+00
   2.55000   0.11833E+01
   2.25000   0.87853E+00
   2.36000   0.80743E+00
   2.46000   0.74766E+00
   2.56000   0.14530E+01
   2.26000   0.87413E+00
   2.37000   0.79949E+00
   2.47000   0.74906E+00
   2.57000   0.18984E+01
   2.27000   0.86923E+00
   2.38000   0.79159E+00
   2.48000   0.75404E+00
   2.58000   0.25897E+01
   2.28000   0.86374E+00
   2.39000   0.78370E+00
   2.49000   0.76404E+00
   2.59000   0.34164E+01
   2.29000   0.85788E+00
   2.70000   0.76135E+00
   2.80000   0.52067E+00
   2.90000   0.45862E+00
   2.60000   0.39088E+01
   2.71000   0.71347E+00
   2.81000   0.51077E+00
   2.91000   0.45562E+00
   2.61000   0.36971E+01
   2.72000   0.67490E+00
   2.82000   0.50197E+00
   2.92000   0.45302E+00
   2.62000   0.29654E+01
   2.73000   0.64327E+00
   2.83000   0.49413E+00
   2.93000   0.45079E+00
   2.63000   0.22350E+01
   2.74000   0.61688E+00
   2.84000   0.48714E+00
   2.94000   0.44887E+00
   2.64000   0.17195E+01
   2.75000   0.59455E+00
   2.85000   0.48089E+00
   2.95000   0.44733E+00
   2.65000   0.13835E+01
   2.76000   0.57544E+00
   2.86000   0.47532E+00
   2.96000   0.44610E+00
   2.66000   0.11620E+01
   2.77000   0.55891E+00
   2.87000   0.47036E+00
   2.97000   0.44516E+00
   2.67000   0.10104E+01
   2.78000   0.54450E+00
   2.88000   0.46595E+00
   2.98000   0.44451E+00
   2.68000   0.90233E+00
   2.79000   0.53185E+00
   2.89000   0.46205E+00
   2.99000   0.44413E+00
   2.69000   0.82241E+00
   3.10000   0.45471E+00
   3.20000   0.48300E+00
   3.30000   0.52545E+00
   3.00000   0.44399E+00
   3.11000   0.45682E+00
   3.21000   0.48665E+00
   3.31000   0.53039E+00
   3.01000   0.44411E+00
   3.12000   0.45911E+00
   3.22000   0.49044E+00
   3.32000   0.53545E+00
   3.02000   0.44445E+00
   3.13000   0.46156E+00
   3.23000   0.49436E+00
   3.33000   0.54064E+00
   3.03000   0.44503E+00
   3.14000   0.46413E+00
   3.24000   0.49842E+00
   3.34000   0.54595E+00
   3.04000   0.44582E+00
   3.15000   0.46690E+00
   3.25000   0.50260E+00
   3.35000   0.55138E+00
   3.05000   0.44681E+00
   3.16000   0.46983E+00
   3.26000   0.50692E+00
   3.36000   0.55693E+00
   3.06000   0.44801E+00
   3.17000   0.47290E+00
   3.27000   0.51136E+00
   3.37000   0.56259E+00
   3.07000   0.44941E+00
   3.18000   0.47612E+00
   3.28000   0.51594E+00
   3.38000   0.56837E+00
   3.08000   0.45099E+00
   3.19000   0.47949E+00
   3.29000   0.52063E+00
   3.39000   0.57426E+00
   3.09000   0.45276E+00
   3.50000   0.64685E+00
   3.60000   0.72568E+00
   3.70000   0.81932E+00
   3.40000   0.58028E+00
   3.51000   0.65415E+00
   3.61000   0.73431E+00
   3.71000   0.82968E+00
   3.41000   0.58640E+00
   3.52000   0.66158E+00
   3.62000   0.74309E+00
   3.72000   0.84026E+00
   3.42000   0.59265E+00
   3.53000   0.66913E+00
   3.63000   0.75202E+00
   3.73000   0.85106E+00
   3.43000   0.59904E+00
   3.54000   0.67686E+00
   3.64000   0.76116E+00
   3.74000   0.86214E+00
   3.44000   0.60552E+00
   3.55000   0.68466E+00
   3.65000   0.77041E+00
   3.75000   0.87341E+00
   3.45000   0.61211E+00
   3.56000   0.69260E+00
   3.66000   0.77982E+00
   3.76000   0.88493E+00
   3.46000   0.61882E+00
   3.57000   0.70066E+00
   3.67000   0.78942E+00
   3.77000   0.89672E+00
   3.47000   0.62565E+00
   3.58000   0.70886E+00
   3.68000   0.79919E+00
   3.78000   0.90879E+00
   3.48000   0.63260E+00
   3.59000   0.71720E+00
   3.69000   0.80916E+00
   3.79000   0.92115E+00
   3.49000   0.63966E+00
   3.90000   0.10807E+01
   4.00000   0.12755E+01
   4.10000   0.15162E+01
   3.80000   0.93381E+00
   3.91000   0.10978E+01
   4.01000   0.12979E+01
   4.11000   0.15413E+01
   3.81000   0.94679E+00
   3.92000   0.11154E+01
   4.02000   0.13208E+01
   4.12000   0.15662E+01
   3.82000   0.96011E+00
   3.93000   0.11335E+01
   4.03000   0.13441E+01
   4.13000   0.15908E+01
   3.83000   0.97378E+00
   3.94000   0.11522E+01
   4.04000   0.13679E+01
   4.14000   0.16152E+01
   3.84000   0.98785E+00
   3.95000   0.11714E+01
   4.05000   0.13920E+01
   4.15000   0.16392E+01
   3.85000   0.10023E+01
   3.96000   0.11911E+01
   4.06000   0.14165E+01
   4.16000   0.16627E+01
   3.86000   0.10171E+01
   3.97000   0.12114E+01
   4.07000   0.14412E+01
   4.17000   0.16857E+01
   3.87000   0.10323E+01
   3.98000   0.12322E+01
   4.08000   0.14661E+01
   4.18000   0.17080E+01
   3.88000   0.10480E+01
   3.99000   0.12536E+01
   4.09000   0.14912E+01
   4.19000   0.17296E+01
   3.89000   0.10641E+01
   4.30000   0.19077E+01
   4.40000   0.19713E+01
   4.50000   0.19729E+01
   4.20000   0.17504E+01
   4.31000   0.19180E+01
   4.41000   0.19735E+01
   4.51000   0.19714E+01
   4.21000   0.17704E+01
   4.32000   0.19273E+01
   4.42000   0.19752E+01
   4.52000   0.19697E+01
   4.22000   0.17896E+01
   4.33000   0.19357E+01
   4.43000   0.19763E+01
   4.53000   0.19679E+01
   4.23000   0.18078E+01
   4.34000   0.19432E+01
   4.44000   0.19769E+01
   4.54000   0.19660E+01
   4.24000   0.18251E+01
   4.35000   0.19499E+01
   4.45000   0.19771E+01
   4.55000   0.19641E+01
   4.25000   0.18413E+01
   4.36000   0.19557E+01
   4.46000   0.19769E+01
   4.56000   0.19622E+01
   4.26000   0.18566E+01
   4.37000   0.19607E+01
   4.47000   0.19763E+01
   4.57000   0.19604E+01
   4.27000   0.18709E+01
   4.38000   0.19649E+01
   4.48000   0.19754E+01
   4.58000   0.19587E+01
   4.28000   0.18841E+01
   4.39000   0.19685E+01
   4.49000   0.19743E+01
   4.59000   0.19571E+01
   4.29000   0.18964E+01
   4.70000   0.19554E+01
   4.80000   0.19928E+01
   4.90000   0.20623E+01
   4.60000   0.19556E+01
   4.71000   0.19573E+01
   4.81000   0.19987E+01
   4.91000   0.20696E+01
   4.61000   0.19544E+01
   4.72000   0.19596E+01
   4.82000   0.20049E+01
   4.92000   0.20767E+01
   4.62000   0.19533E+01
   4.73000   0.19623E+01
   4.83000   0.20115E+01
   4.93000   0.20835E+01
   4.63000   0.19525E+01
   4.74000   0.19654E+01
   4.84000   0.20183E+01
   4.94000   0.20899E+01
   4.64000   0.19520E+01
   4.75000   0.19690E+01
   4.85000   0.20253E+01
   4.95000   0.20958E+01
   4.65000   0.19517E+01
   4.76000   0.19729E+01
   4.86000   0.20326E+01
   4.96000   0.21012E+01
   4.66000   0.19517E+01
   4.77000   0.19773E+01
   4.87000   0.20400E+01
   4.97000   0.21059E+01
   4.67000   0.19521E+01
   4.78000   0.19821E+01
   4.88000   0.20474E+01
   4.98000   0.21098E+01
   4.68000   0.19528E+01
   4.79000   0.19872E+01
   4.89000   0.20549E+01
   4.99000   0.21128E+01
   4.69000   0.19539E+01
   5.00000   0.21148E+01
