 -15.00000   0.45590E-16
 -14.99000   0.45905E-16
 -14.98000   0.46224E-16
 -14.97000   0.46545E-16
 -14.96000   0.46870E-16
 -14.95000   0.47197E-16
 -14.94000   0.47528E-16
 -14.93000   0.47862E-16
 -14.92000   0.48199E-16
 -14.91000   0.48539E-16
 -14.90000   0.48883E-16
 -14.89000   0.49230E-16
 -14.88000   0.49580E-16
 -14.87000   0.49933E-16
 -14.86000   0.50290E-16
 -14.85000   0.50651E-16
 -14.84000   0.51015E-16
 -14.83000   0.51383E-16
 -14.82000   0.51754E-16
 -14.81000   0.52129E-16
 -14.80000   0.52507E-16
 -14.79000   0.52889E-16
 -14.78000   0.53276E-16
 -14.77000   0.53665E-16
 -14.76000   0.54059E-16
 -14.75000   0.54457E-16
 -14.74000   0.54858E-16
 -14.73000   0.55264E-16
 -14.72000   0.55674E-16
 -14.71000   0.56088E-16
 -14.70000   0.56506E-16
 -14.69000   0.56928E-16
 -14.68000   0.57355E-16
 -14.67000   0.57786E-16
 -14.66000   0.58221E-16
 -14.65000   0.58661E-16
 -14.64000   0.59105E-16
 -14.63000   0.59554E-16
 -14.62000   0.60007E-16
 -14.61000   0.60465E-16
 -14.60000   0.60928E-16
 -14.59000   0.61396E-16
 -14.58000   0.61868E-16
 -14.57000   0.62345E-16
 -14.56000   0.62828E-16
 -14.55000   0.63315E-16
 -14.54000   0.63808E-16
 -14.53000   0.64306E-16
 -14.52000   0.64809E-16
 -14.51000   0.65317E-16
 -14.50000   0.65831E-16
 -14.49000   0.66350E-16
 -14.48000   0.66875E-16
 -14.47000   0.67405E-16
 -14.46000   0.67941E-16
 -14.45000   0.68483E-16
 -14.44000   0.69030E-16
 -14.43000   0.69584E-16
 -14.42000   0.70143E-16
 -14.41000   0.70709E-16
 -14.40000   0.71281E-16
 -14.39000   0.71859E-16
 -14.38000   0.72443E-16
 -14.37000   0.73034E-16
 -14.36000   0.73631E-16
 -14.35000   0.74235E-16
 -14.34000   0.74845E-16
 -14.33000   0.75462E-16
 -14.32000   0.76086E-16
 -14.31000   0.76717E-16
 -14.30000   0.43888E-16
 -14.29000   0.44265E-16
 -14.28000   0.44646E-16
 -14.27000   0.45032E-16
 -14.26000   0.45422E-16
 -14.25000   0.45817E-16
 -14.24000   0.46216E-16
 -14.23000   0.46620E-16
 -14.22000   0.47029E-16
 -14.21000   0.47442E-16
 -14.20000   0.47861E-16
 -14.19000   0.48284E-16
 -14.18000   0.48713E-16
 -14.17000   0.49146E-16
 -14.16000   0.49585E-16
 -14.15000   0.50028E-16
 -14.14000   0.50477E-16
 -14.13000   0.50932E-16
 -14.12000   0.51392E-16
 -14.11000   0.51857E-16
 -14.10000   0.52329E-16
 -14.09000   0.52805E-16
 -14.08000   0.53288E-16
 -14.07000   0.53777E-16
 -14.06000   0.54271E-16
 -14.05000   0.54772E-16
 -14.04000   0.55278E-16
 -14.03000   0.55791E-16
 -14.02000   0.56311E-16
 -14.01000   0.56836E-16
 -14.00000   0.57369E-16
 -13.99000   0.57908E-16
 -13.98000   0.58453E-16
 -13.97000   0.59006E-16
 -13.96000   0.59565E-16
 -13.95000   0.60132E-16
 -13.94000   0.60706E-16
 -13.93000   0.61287E-16
 -13.92000   0.61875E-16
 -13.91000   0.62471E-16
 -13.90000   0.63075E-16
 -13.89000   0.63686E-16
 -13.88000   0.64305E-16
 -13.87000   0.64932E-16
 -13.86000   0.65568E-16
 -13.85000   0.66211E-16
 -13.84000   0.66863E-16
 -13.83000   0.67524E-16
 -13.82000   0.68193E-16
 -13.81000   0.68871E-16
 -13.80000   0.69558E-16
 -13.79000   0.70254E-16
 -13.78000   0.70959E-16
 -13.77000   0.71673E-16
 -13.76000   0.72398E-16
 -13.75000   0.73131E-16
 -13.74000   0.73875E-16
 -13.73000   0.74629E-16
 -13.72000   0.75393E-16
 -13.71000   0.76167E-16
 -13.70000   0.76952E-16
 -13.69000   0.77748E-16
 -13.68000   0.78554E-16
 -13.67000   0.79372E-16
 -13.66000   0.80200E-16
 -13.65000   0.81041E-16
 -13.64000   0.81892E-16
 -13.63000   0.82756E-16
 -13.62000   0.83632E-16
 -13.61000   0.84520E-16
 -13.60000   0.85420E-16
 -13.59000   0.86334E-16
 -13.58000   0.87260E-16
 -13.57000   0.88199E-16
 -13.56000   0.89151E-16
 -13.55000   0.90118E-16
 -13.54000   0.91098E-16
 -13.53000   0.92092E-16
 -13.52000   0.93100E-16
 -13.51000   0.94123E-16
 -13.50000   0.95161E-16
 -13.49000   0.96213E-16
 -13.48000   0.97282E-16
 -13.47000   0.98365E-16
 -13.46000   0.99465E-16
 -13.45000   0.10058E-15
 -13.44000   0.10171E-15
 -13.43000   0.10286E-15
 -13.42000   0.10403E-15
 -13.41000   0.61280E-16
 -13.40000   0.62002E-16
 -13.39000   0.62735E-16
 -13.38000   0.63479E-16
 -13.37000   0.64235E-16
 -13.36000   0.65002E-16
 -13.35000   0.65782E-16
 -13.34000   0.66574E-16
 -13.33000   0.67378E-16
 -13.32000   0.68195E-16
 -13.31000   0.69025E-16
 -13.30000   0.69868E-16
 -13.29000   0.70724E-16
 -13.28000   0.71595E-16
 -13.27000   0.72479E-16
 -13.26000   0.73377E-16
 -13.25000   0.74290E-16
 -13.24000   0.75218E-16
 -13.23000   0.76161E-16
 -13.22000   0.77120E-16
 -13.21000   0.78094E-16
 -13.20000   0.79084E-16
 -13.19000   0.80090E-16
 -13.18000   0.81114E-16
 -13.17000   0.82154E-16
 -13.16000   0.83212E-16
 -13.15000   0.84287E-16
 -13.14000   0.85380E-16
 -13.13000   0.86492E-16
 -13.12000   0.87623E-16
 -13.11000   0.88773E-16
 -13.10000   0.89943E-16
 -13.09000   0.91133E-16
 -13.08000   0.92343E-16
 -13.07000   0.93574E-16
 -13.06000   0.94826E-16
 -13.05000   0.96101E-16
 -13.04000   0.97397E-16
 -13.03000   0.98716E-16
 -13.02000   0.10006E-15
 -13.01000   0.10143E-15
 -13.00000   0.10282E-15
 -12.99000   0.10423E-15
 -12.98000   0.10567E-15
 -12.97000   0.10714E-15
 -12.96000   0.10863E-15
 -12.95000   0.11015E-15
 -12.94000   0.11170E-15
 -12.93000   0.11327E-15
 -12.92000   0.11488E-15
 -12.91000   0.11651E-15
 -12.90000   0.11817E-15
 -12.89000   0.11987E-15
 -12.88000   0.12159E-15
 -12.87000   0.12335E-15
 -12.86000   0.12514E-15
 -12.85000   0.12697E-15
 -12.84000   0.12883E-15
 -12.83000   0.13072E-15
 -12.82000   0.13265E-15
 -12.81000   0.13462E-15
 -12.80000   0.81589E-16
 -12.79000   0.82848E-16
 -12.78000   0.84133E-16
 -12.77000   0.85443E-16
 -12.76000   0.86780E-16
 -12.75000   0.88143E-16
 -12.74000   0.89534E-16
 -12.73000   0.90953E-16
 -12.72000   0.92401E-16
 -12.71000   0.93878E-16
 -12.70000   0.95386E-16
 -12.69000   0.96925E-16
 -12.68000   0.98495E-16
 -12.67000   0.10010E-15
 -12.66000   0.10174E-15
 -12.65000   0.10341E-15
 -12.64000   0.10511E-15
 -12.63000   0.10685E-15
 -12.62000   0.10863E-15
 -12.61000   0.11045E-15
 -12.60000   0.11231E-15
 -12.59000   0.11420E-15
 -12.58000   0.11614E-15
 -12.57000   0.11812E-15
 -12.56000   0.12014E-15
 -12.55000   0.12221E-15
 -12.54000   0.12432E-15
 -12.53000   0.12648E-15
 -12.52000   0.12868E-15
 -12.51000   0.13094E-15
 -12.50000   0.13324E-15
 -12.49000   0.13560E-15
 -12.48000   0.13801E-15
 -12.47000   0.14048E-15
 -12.46000   0.14300E-15
 -12.45000   0.14558E-15
 -12.44000   0.14822E-15
 -12.43000   0.15092E-15
 -12.42000   0.15368E-15
 -12.41000   0.15651E-15
 -12.40000   0.15940E-15
 -12.39000   0.16236E-15
 -12.38000   0.16539E-15
 -12.37000   0.16850E-15
 -12.36000   0.10498E-15
 -12.35000   0.10704E-15
 -12.34000   0.10914E-15
 -12.33000   0.11130E-15
 -12.32000   0.11352E-15
 -12.31000   0.11578E-15
 -12.30000   0.11811E-15
 -12.29000   0.12049E-15
 -12.28000   0.12294E-15
 -12.27000   0.12545E-15
 -12.26000   0.12802E-15
 -12.25000   0.13066E-15
 -12.24000   0.13337E-15
 -12.23000   0.13614E-15
 -12.22000   0.13900E-15
 -12.21000   0.14192E-15
 -12.20000   0.14493E-15
 -12.19000   0.14801E-15
 -12.18000   0.15118E-15
 -12.17000   0.15444E-15
 -12.16000   0.15778E-15
 -12.15000   0.16121E-15
 -12.14000   0.16474E-15
 -12.13000   0.16836E-15
 -12.12000   0.17209E-15
 -12.11000   0.17591E-15
 -12.10000   0.17985E-15
 -12.09000   0.18389E-15
 -12.08000   0.18806E-15
 -12.07000   0.19233E-15
 -12.06000   0.19674E-15
 -12.05000   0.20126E-15
 -12.04000   0.12870E-15
 -12.03000   0.13179E-15
 -12.02000   0.13498E-15
 -12.01000   0.13826E-15
 -12.00000   0.14165E-15
 -11.99000   0.14514E-15
 -11.98000   0.14873E-15
 -11.97000   0.15244E-15
 -11.96000   0.15626E-15
 -11.95000   0.16020E-15
 -11.94000   0.16427E-15
 -11.93000   0.16846E-15
 -11.92000   0.17279E-15
 -11.91000   0.17725E-15
 -11.90000   0.18186E-15
 -11.89000   0.18662E-15
 -11.88000   0.19154E-15
 -11.87000   0.19661E-15
 -11.86000   0.20186E-15
 -11.85000   0.20728E-15
 -11.84000   0.21287E-15
 -11.83000   0.21866E-15
 -11.82000   0.22464E-15
 -11.81000   0.23083E-15
 -11.80000   0.23723E-15
 -11.79000   0.24385E-15
 -11.78000   0.16009E-15
 -11.77000   0.16477E-15
 -11.76000   0.16961E-15
 -11.75000   0.17463E-15
 -11.74000   0.17983E-15
 -11.73000   0.18523E-15
 -11.72000   0.19082E-15
 -11.71000   0.19663E-15
 -11.70000   0.20265E-15
 -11.69000   0.20890E-15
 -11.68000   0.21539E-15
 -11.67000   0.22212E-15
 -11.66000   0.22912E-15
 -11.65000   0.23639E-15
 -11.64000   0.24394E-15
 -11.63000   0.25179E-15
 -11.62000   0.25995E-15
 -11.61000   0.26844E-15
 -11.60000   0.27726E-15
 -11.59000   0.18640E-15
 -11.58000   0.19282E-15
 -11.57000   0.19952E-15
 -11.56000   0.20650E-15
 -11.55000   0.21378E-15
 -11.54000   0.22138E-15
 -11.53000   0.22931E-15
 -11.52000   0.23758E-15
 -11.51000   0.24622E-15
 -11.50000   0.25525E-15
 -11.49000   0.26468E-15
 -11.48000   0.27453E-15
 -11.47000   0.28484E-15
 -11.46000   0.29562E-15
 -11.45000   0.30690E-15
 -11.44000   0.31870E-15
 -11.43000   0.21943E-15
 -11.42000   0.22829E-15
 -11.41000   0.23758E-15
 -11.40000   0.24734E-15
 -11.39000   0.25758E-15
 -11.38000   0.26834E-15
 -11.37000   0.27964E-15
 -11.36000   0.29153E-15
 -11.35000   0.30403E-15
 -11.34000   0.31718E-15
 -11.33000   0.33102E-15
 -11.32000   0.34559E-15
 -11.31000   0.36094E-15
 -11.30000   0.25430E-15
 -11.29000   0.26618E-15
 -11.28000   0.27873E-15
 -11.27000   0.29199E-15
 -11.26000   0.30602E-15
 -11.25000   0.32087E-15
 -11.24000   0.33658E-15
 -11.23000   0.35323E-15
 -11.22000   0.37086E-15
 -11.21000   0.38957E-15
 -11.20000   0.28023E-15
 -11.19000   0.29511E-15
 -11.18000   0.31095E-15
 -11.17000   0.32780E-15
 -11.16000   0.34575E-15
 -11.15000   0.36489E-15
 -11.14000   0.38529E-15
 -11.13000   0.40707E-15
 -11.12000   0.43034E-15
 -11.11000   0.31630E-15
 -11.10000   0.33536E-15
 -11.09000   0.35580E-15
 -11.08000   0.37773E-15
 -11.07000   0.40128E-15
 -11.06000   0.42659E-15
 -11.05000   0.45381E-15
 -11.04000   0.34008E-15
 -11.03000   0.36300E-15
 -11.02000   0.38777E-15
 -11.01000   0.41455E-15
 -11.00000   0.44355E-15
 -10.99000   0.47496E-15
 -10.98000   0.50903E-15
 -10.97000   0.38989E-15
 -10.96000   0.41949E-15
 -10.95000   0.45176E-15
 -10.94000   0.48699E-15
 -10.93000   0.52549E-15
 -10.92000   0.40988E-15
 -10.91000   0.44423E-15
 -10.90000   0.48199E-15
 -10.89000   0.52358E-15
 -10.88000   0.56942E-15
 -10.87000   0.45319E-15
 -10.86000   0.49535E-15
 -10.85000   0.54214E-15
 -10.84000   0.59419E-15
 -10.83000   0.48171E-15
 -10.82000   0.53093E-15
 -10.81000   0.58610E-15
 -10.80000   0.64806E-15
 -10.79000   0.53623E-15
 -10.78000   0.59671E-15
 -10.77000   0.66526E-15
 -10.76000   0.56029E-15
 -10.75000   0.62912E-15
 -10.74000   0.70793E-15
 -10.73000   0.60790E-15
 -10.72000   0.68954E-15
 -10.71000   0.60119E-15
 -10.70000   0.68793E-15
 -10.69000   0.60969E-15
 -10.68000   0.70440E-15
 -10.67000   0.63544E-15
 -10.66000   0.74201E-15
 -10.65000   0.68237E-15
 -10.64000   0.80632E-15
 -10.63000   0.75731E-15
 -10.62000   0.72102E-15
 -10.61000   0.87179E-15
 -10.60000   0.85074E-15
 -10.59000   0.84355E-15
 -10.58000   0.85072E-15
 -10.57000   0.87364E-15
 -10.56000   0.91477E-15
 -10.55000   0.97808E-15
 -10.54000   0.88825E-15
 -10.53000   0.10024E-14
 -10.52000   0.97862E-15
 -10.51000   0.99966E-15
 -10.50000   0.10738E-14
 -10.49000   0.10526E-14
 -10.48000   0.11215E-14
 -10.47000   0.11573E-14
 -10.46000   0.12195E-14
 -10.45000   0.11445E-14
 -10.44000   0.12731E-14
 -10.43000   0.12633E-14
 -10.42000   0.14013E-14
 -10.41000   0.60557E-10
 -10.40000   0.15640E-09
 -10.39000   0.25514E-09
 -10.38000   0.35805E-09
 -10.37000   0.46447E-09
 -10.36000   0.57562E-09
 -10.35000   0.69142E-09
 -10.34000   0.81230E-09
 -10.33000   0.93818E-09
 -10.32000   0.10709E-08
 -10.31000   0.12091E-08
 -10.30000   0.13549E-08
 -10.29000   0.15068E-08
 -10.28000   0.16677E-08
 -10.27000   0.18362E-08
 -10.26000   0.20132E-08
 -10.25000   0.22007E-08
 -10.24000   0.23986E-08
 -10.23000   0.26069E-08
 -10.22000   0.28272E-08
 -10.21000   0.30611E-08
 -10.20000   0.33094E-08
 -10.19000   0.35728E-08
 -10.18000   0.38524E-08
 -10.17000   0.41498E-08
 -10.16000   0.44668E-08
 -10.15000   0.48055E-08
 -10.14000   0.51679E-08
 -10.13000   0.55558E-08
 -10.12000   0.59715E-08
 -10.11000   0.64174E-08
 -10.10000   0.68967E-08
 -10.09000   0.74125E-08
 -10.08000   0.79692E-08
 -10.07000   0.85710E-08
 -10.06000   0.92224E-08
 -10.05000   0.99288E-08
 -10.04000   0.10696E-07
 -10.03000   0.11531E-07
 -10.02000   0.12441E-07
 -10.01000   0.13434E-07
 -10.00000   0.14521E-07
  -9.99000   0.15712E-07
  -9.98000   0.17021E-07
  -9.97000   0.18461E-07
  -9.96000   0.20050E-07
  -9.95000   0.21808E-07
  -9.94000   0.23755E-07
  -9.93000   0.25917E-07
  -9.92000   0.28325E-07
  -9.91000   0.31012E-07
  -9.90000   0.34017E-07
  -9.89000   0.37388E-07
  -9.88000   0.41178E-07
  -9.87000   0.45450E-07
  -9.86000   0.50281E-07
  -9.85000   0.55757E-07
  -9.84000   0.61985E-07
  -9.83000   0.69087E-07
  -9.82000   0.77215E-07
  -9.81000   0.86545E-07
  -9.80000   0.97292E-07
  -9.79000   0.10972E-06
  -9.78000   0.12413E-06
  -9.77000   0.14092E-06
  -9.76000   0.16056E-06
  -9.75000   0.18362E-06
  -9.74000   0.21081E-06
  -9.73000   0.24304E-06
  -9.72000   0.28140E-06
  -9.71000   0.32731E-06
  -9.70000   0.38253E-06
  -9.69000   0.44934E-06
  -9.68000   0.53064E-06
  -9.67000   0.63018E-06
  -9.66000   0.75287E-06
  -9.65000   0.90514E-06
  -9.64000   0.10955E-05
  -9.63000   0.13354E-05
  -9.62000   0.16402E-05
  -9.61000   0.20309E-05
  -9.60000   0.25361E-05
  -9.59000   0.31962E-05
  -9.58000   0.40670E-05
  -9.57000   0.52283E-05
  -9.56000   0.67937E-05
  -9.55000   0.89269E-05
  -9.54000   0.11865E-04
  -9.53000   0.15951E-04
  -9.52000   0.21679E-04
  -9.51000   0.29749E-04
  -9.50000   0.41112E-04
  -9.49000   0.56968E-04
  -9.48000   0.78599E-04
  -9.47000   0.10685E-03
  -9.46000   0.14106E-03
  -9.45000   0.17766E-03
  -9.44000   0.20944E-03
  -9.43000   0.22758E-03
  -9.42000   0.22636E-03
  -9.41000   0.20698E-03
  -9.40000   0.17640E-03
  -9.39000   0.14275E-03
  -9.38000   0.11172E-03
  -9.37000   0.85869E-04
  -9.36000   0.65564E-04
  -9.35000   0.50115E-04
  -9.34000   0.38538E-04
  -9.33000   0.29900E-04
  -9.32000   0.23442E-04
  -9.31000   0.18584E-04
  -9.30000   0.14898E-04
  -9.29000   0.12075E-04
  -9.28000   0.98904E-05
  -9.27000   0.81824E-05
  -9.26000   0.68334E-05
  -9.25000   0.57576E-05
  -9.24000   0.48915E-05
  -9.23000   0.41880E-05
  -9.22000   0.36117E-05
  -9.21000   0.31359E-05
  -9.20000   0.27400E-05
  -9.19000   0.24083E-05
  -9.18000   0.21285E-05
  -9.17000   0.18910E-05
  -9.16000   0.16883E-05
  -9.15000   0.15141E-05
  -9.14000   0.13638E-05
  -9.13000   0.12335E-05
  -9.12000   0.11198E-05
  -9.11000   0.10203E-05
  -9.10000   0.93289E-06
  -9.09000   0.85569E-06
  -9.08000   0.78730E-06
  -9.07000   0.72648E-06
  -9.06000   0.67223E-06
  -9.05000   0.62367E-06
  -9.04000   0.58006E-06
  -9.03000   0.54080E-06
  -9.02000   0.50535E-06
  -9.01000   0.47326E-06
  -9.00000   0.44412E-06
  -8.99000   0.41762E-06
  -8.98000   0.39345E-06
  -8.97000   0.37136E-06
  -8.96000   0.35112E-06
  -8.95000   0.33256E-06
  -8.94000   0.31548E-06
  -8.93000   0.29976E-06
  -8.92000   0.28524E-06
  -8.91000   0.27183E-06
  -8.90000   0.25941E-06
  -8.89000   0.24789E-06
  -8.88000   0.23719E-06
  -8.87000   0.22725E-06
  -8.86000   0.21799E-06
  -8.85000   0.20935E-06
  -8.84000   0.20129E-06
  -8.83000   0.19375E-06
  -8.82000   0.18670E-06
  -8.81000   0.18010E-06
  -8.80000   0.17390E-06
  -8.79000   0.16809E-06
  -8.78000   0.16263E-06
  -8.77000   0.15750E-06
  -8.76000   0.15266E-06
  -8.75000   0.14811E-06
  -8.74000   0.14382E-06
  -8.73000   0.13977E-06
  -8.72000   0.13596E-06
  -8.71000   0.13235E-06
  -8.70000   0.12894E-06
  -8.69000   0.12572E-06
  -8.68000   0.12267E-06
  -8.67000   0.11979E-06
  -8.66000   0.11706E-06
  -8.65000   0.11448E-06
  -8.64000   0.11203E-06
  -8.63000   0.10972E-06
  -8.62000   0.10752E-06
  -8.61000   0.10544E-06
  -8.60000   0.10347E-06
  -8.59000   0.10160E-06
  -8.58000   0.99830E-07
  -8.57000   0.98153E-07
  -8.56000   0.96566E-07
  -8.55000   0.95063E-07
  -8.54000   0.93641E-07
  -8.53000   0.92297E-07
  -8.52000   0.91026E-07
  -8.51000   0.89826E-07
  -8.50000   0.88695E-07
  -8.49000   0.87628E-07
  -8.48000   0.86624E-07
  -8.47000   0.85681E-07
  -8.46000   0.84797E-07
  -8.45000   0.83969E-07
  -8.44000   0.83196E-07
  -8.43000   0.82476E-07
  -8.42000   0.81807E-07
  -8.41000   0.81189E-07
  -8.40000   0.80619E-07
  -8.39000   0.80098E-07
  -8.38000   0.79623E-07
  -8.37000   0.79194E-07
  -8.36000   0.78810E-07
  -8.35000   0.78470E-07
  -8.34000   0.78174E-07
  -8.33000   0.77921E-07
  -8.32000   0.77711E-07
  -8.31000   0.77544E-07
  -8.30000   0.77418E-07
  -8.29000   0.77334E-07
  -8.28000   0.77293E-07
  -8.27000   0.77293E-07
  -8.26000   0.77335E-07
  -8.25000   0.77420E-07
  -8.24000   0.77547E-07
  -8.23000   0.77717E-07
  -8.22000   0.77931E-07
  -8.21000   0.78189E-07
  -8.20000   0.78491E-07
  -8.19000   0.78838E-07
  -8.18000   0.79233E-07
  -8.17000   0.79674E-07
  -8.16000   0.80165E-07
  -8.15000   0.80705E-07
  -8.14000   0.81297E-07
  -8.13000   0.81941E-07
  -8.12000   0.82641E-07
  -8.11000   0.83397E-07
  -8.10000   0.84212E-07
  -8.09000   0.85088E-07
  -8.08000   0.86028E-07
  -8.07000   0.87035E-07
  -8.06000   0.88111E-07
  -8.05000   0.89261E-07
  -8.04000   0.90488E-07
  -8.03000   0.91797E-07
  -8.02000   0.93191E-07
  -8.01000   0.94677E-07
  -8.00000   0.96259E-07
  -7.99000   0.97946E-07
  -7.98000   0.99743E-07
  -7.97000   0.10166E-06
  -7.96000   0.10370E-06
  -7.95000   0.10588E-06
  -7.94000   0.10821E-06
  -7.93000   0.11071E-06
  -7.92000   0.11338E-06
  -7.91000   0.11624E-06
  -7.90000   0.11933E-06
  -7.89000   0.12264E-06
  -7.88000   0.12623E-06
  -7.87000   0.13011E-06
  -7.86000   0.13432E-06
  -7.85000   0.13891E-06
  -7.84000   0.14393E-06
  -7.83000   0.14943E-06
  -7.82000   0.15551E-06
  -7.81000   0.16223E-06
  -7.80000   0.16972E-06
  -7.79000   0.17811E-06
  -7.78000   0.18755E-06
  -7.77000   0.19825E-06
  -7.76000   0.21046E-06
  -7.75000   0.22446E-06
  -7.74000   0.24065E-06
  -7.73000   0.25947E-06
  -7.72000   0.28147E-06
  -7.71000   0.30734E-06
  -7.70000   0.33786E-06
  -7.69000   0.37396E-06
  -7.68000   0.41663E-06
  -7.67000   0.46690E-06
  -7.66000   0.52567E-06
  -7.65000   0.59346E-06
  -7.64000   0.67007E-06
  -7.63000   0.75409E-06
  -7.62000   0.84244E-06
  -7.61000   0.93009E-06
  -7.60000   0.10102E-05
  -7.59000   0.10752E-05
  -7.58000   0.11179E-05
  -7.57000   0.11341E-05
  -7.56000   0.11232E-05
  -7.55000   0.10884E-05
  -7.54000   0.10362E-05
  -7.53000   0.97382E-06
  -7.52000   0.90831E-06
  -7.51000   0.84512E-06
  -7.50000   0.78790E-06
  -7.49000   0.73865E-06
  -7.48000   0.69812E-06
  -7.47000   0.66624E-06
  -7.46000   0.64250E-06
  -7.45000   0.62613E-06
  -7.44000   0.61636E-06
  -7.43000   0.61244E-06
  -7.42000   0.61369E-06
  -7.41000   0.61959E-06
  -7.40000   0.62966E-06
  -7.39000   0.64357E-06
  -7.38000   0.66105E-06
  -7.37000   0.68192E-06
  -7.36000   0.70606E-06
  -7.35000   0.73342E-06
  -7.34000   0.76398E-06
  -7.33000   0.79780E-06
  -7.32000   0.83494E-06
  -7.31000   0.87552E-06
  -7.30000   0.91971E-06
  -7.29000   0.96768E-06
  -7.28000   0.10197E-05
  -7.27000   0.10759E-05
  -7.26000   0.11368E-05
  -7.25000   0.12026E-05
  -7.24000   0.12736E-05
  -7.23000   0.13504E-05
  -7.22000   0.14334E-05
  -7.21000   0.15230E-05
  -7.20000   0.16200E-05
  -7.19000   0.17249E-05
  -7.18000   0.18385E-05
  -7.17000   0.19615E-05
  -7.16000   0.20949E-05
  -7.15000   0.22396E-05
  -7.14000   0.23967E-05
  -7.13000   0.25674E-05
  -7.12000   0.27531E-05
  -7.11000   0.29554E-05
  -7.10000   0.31758E-05
  -7.09000   0.34163E-05
  -7.08000   0.36790E-05
  -7.07000   0.39662E-05
  -7.06000   0.42807E-05
  -7.05000   0.46255E-05
  -7.04000   0.50038E-05
  -7.03000   0.54195E-05
  -7.02000   0.58769E-05
  -7.01000   0.63810E-05
  -7.00000   0.69371E-05
  -6.99000   0.75517E-05
  -6.98000   0.82318E-05
  -6.97000   0.89857E-05
  -6.96000   0.98226E-05
  -6.95000   0.10753E-04
  -6.94000   0.11790E-04
  -6.93000   0.12947E-04
  -6.92000   0.14241E-04
  -6.91000   0.15690E-04
  -6.90000   0.17316E-04
  -6.89000   0.19145E-04
  -6.88000   0.21206E-04
  -6.87000   0.23535E-04
  -6.86000   0.26171E-04
  -6.85000   0.29163E-04
  -6.84000   0.32567E-04
  -6.83000   0.36451E-04
  -6.82000   0.40892E-04
  -6.81000   0.45988E-04
  -6.80000   0.51850E-04
  -6.79000   0.58616E-04
  -6.78000   0.66450E-04
  -6.77000   0.75552E-04
  -6.76000   0.86165E-04
  -6.75000   0.98588E-04
  -6.74000   0.11319E-03
  -6.73000   0.13041E-03
  -6.72000   0.15084E-03
  -6.71000   0.17516E-03
  -6.70000   0.20427E-03
  -6.69000   0.23929E-03
  -6.68000   0.28167E-03
  -6.67000   0.33326E-03
  -6.66000   0.39646E-03
  -6.65000   0.47442E-03
  -6.64000   0.57128E-03
  -6.63000   0.69258E-03
  -6.62000   0.84577E-03
  -6.61000   0.10410E-02
  -6.60000   0.12923E-02
  -6.59000   0.16192E-02
  -6.58000   0.20494E-02
  -6.57000   0.26226E-02
  -6.56000   0.33970E-02
  -6.55000   0.44587E-02
  -6.54000   0.59380E-02
  -6.53000   0.80357E-02
  -6.52000   0.11067E-01
  -6.51000   0.15535E-01
  -6.50000   0.22262E-01
  -6.49000   0.32601E-01
  -6.48000   0.48795E-01
  -6.47000   0.74502E-01
  -6.46000   0.11537E+00
  -6.45000   0.17893E+00
  -6.44000   0.27168E+00
  -6.43000   0.39035E+00
  -6.42000   0.51028E+00
  -6.41000   0.58820E+00
  -6.40000   0.59008E+00
  -6.39000   0.51800E+00
  -6.38000   0.40657E+00
  -6.37000   0.29503E+00
  -6.36000   0.20515E+00
  -6.35000   0.14072E+00
  -6.34000   0.97012E-01
  -6.33000   0.67912E-01
  -6.32000   0.48499E-01
  -6.31000   0.35382E-01
  -6.30000   0.26362E-01
  -6.29000   0.20037E-01
  -6.28000   0.15514E-01
  -6.27000   0.12219E-01
  -6.26000   0.97738E-02
  -6.25000   0.79298E-02
  -6.24000   0.65177E-02
  -6.23000   0.54207E-02
  -6.22000   0.45575E-02
  -6.21000   0.38701E-02
  -6.20000   0.33166E-02
  -6.19000   0.28663E-02
  -6.18000   0.24967E-02
  -6.17000   0.21905E-02
  -6.16000   0.19350E-02
  -6.15000   0.17200E-02
  -6.14000   0.15380E-02
  -6.13000   0.13829E-02
  -6.12000   0.12498E-02
  -6.11000   0.11352E-02
  -6.10000   0.10358E-02
  -6.09000   0.94929E-03
  -6.08000   0.87362E-03
  -6.07000   0.80717E-03
  -6.06000   0.74859E-03
  -6.05000   0.69676E-03
  -6.04000   0.65075E-03
  -6.03000   0.60980E-03
  -6.02000   0.57325E-03
  -6.01000   0.54055E-03
  -6.00000   0.51124E-03
  -5.99000   0.48491E-03
  -5.98000   0.46124E-03
  -5.97000   0.43994E-03
  -5.96000   0.42077E-03
  -5.95000   0.40352E-03
  -5.94000   0.38800E-03
  -5.93000   0.37408E-03
  -5.92000   0.36162E-03
  -5.91000   0.35051E-03
  -5.90000   0.34065E-03
  -5.89000   0.33196E-03
  -5.88000   0.32433E-03
  -5.87000   0.31770E-03
  -5.86000   0.31194E-03
  -5.85000   0.30694E-03
  -5.84000   0.30257E-03
  -5.83000   0.29868E-03
  -5.82000   0.29512E-03
  -5.81000   0.29173E-03
  -5.80000   0.28840E-03
  -5.79000   0.28506E-03
  -5.78000   0.28169E-03
  -5.77000   0.27832E-03
  -5.76000   0.27504E-03
  -5.75000   0.27194E-03
  -5.74000   0.26912E-03
  -5.73000   0.26668E-03
  -5.72000   0.26468E-03
  -5.71000   0.26317E-03
  -5.70000   0.26218E-03
  -5.69000   0.26173E-03
  -5.68000   0.26181E-03
  -5.67000   0.26244E-03
  -5.66000   0.26359E-03
  -5.65000   0.26527E-03
  -5.64000   0.26746E-03
  -5.63000   0.27018E-03
  -5.62000   0.27342E-03
  -5.61000   0.27719E-03
  -5.60000   0.28150E-03
  -5.59000   0.28637E-03
  -5.58000   0.29181E-03
  -5.57000   0.29785E-03
  -5.56000   0.30452E-03
  -5.55000   0.31185E-03
  -5.54000   0.31988E-03
  -5.53000   0.32866E-03
  -5.52000   0.33824E-03
  -5.51000   0.34867E-03
  -5.50000   0.36002E-03
  -5.49000   0.37237E-03
  -5.48000   0.38579E-03
  -5.47000   0.40038E-03
  -5.46000   0.41625E-03
  -5.45000   0.43350E-03
  -5.44000   0.45226E-03
  -5.43000   0.47269E-03
  -5.42000   0.49495E-03
  -5.41000   0.51921E-03
  -5.40000   0.54570E-03
  -5.39000   0.57465E-03
  -5.38000   0.60632E-03
  -5.37000   0.64101E-03
  -5.36000   0.67907E-03
  -5.35000   0.72089E-03
  -5.34000   0.76690E-03
  -5.33000   0.81763E-03
  -5.32000   0.87365E-03
  -5.31000   0.93562E-03
  -5.30000   0.10043E-02
  -5.29000   0.10806E-02
  -5.28000   0.11655E-02
  -5.27000   0.12602E-02
  -5.26000   0.13660E-02
  -5.25000   0.14846E-02
  -5.24000   0.16177E-02
  -5.23000   0.17675E-02
  -5.22000   0.19364E-02
  -5.21000   0.21274E-02
  -5.20000   0.23439E-02
  -5.19000   0.25898E-02
  -5.18000   0.28698E-02
  -5.17000   0.31893E-02
  -5.16000   0.35546E-02
  -5.15000   0.39731E-02
  -5.14000   0.44535E-02
  -5.13000   0.50056E-02
  -5.12000   0.56409E-02
  -5.11000   0.63723E-02
  -5.10000   0.72146E-02
  -5.09000   0.81837E-02
  -5.08000   0.92970E-02
  -5.07000   0.10573E-01
  -5.06000   0.12028E-01
  -5.05000   0.13678E-01
  -5.04000   0.15534E-01
  -5.03000   0.17600E-01
  -5.02000   0.19867E-01
  -5.01000   0.22311E-01
  -5.00000   0.24884E-01
  -4.99000   0.27514E-01
  -4.98000   0.30104E-01
  -4.97000   0.32528E-01
  -4.96000   0.34647E-01
  -4.95000   0.36317E-01
  -4.94000   0.37411E-01
  -4.93000   0.37839E-01
  -4.92000   0.37559E-01
  -4.91000   0.36591E-01
  -4.90000   0.35009E-01
  -4.89000   0.32930E-01
  -4.88000   0.30497E-01
  -4.87000   0.27857E-01
  -4.86000   0.25145E-01
  -4.85000   0.22472E-01
  -4.84000   0.19922E-01
  -4.83000   0.17550E-01
  -4.82000   0.15387E-01
  -4.81000   0.13447E-01
  -4.80000   0.11728E-01
  -4.79000   0.10218E-01
  -4.78000   0.89011E-02
  -4.77000   0.77584E-02
  -4.76000   0.67702E-02
  -4.75000   0.59175E-02
  -4.74000   0.51824E-02
  -4.73000   0.45489E-02
  -4.72000   0.40026E-02
  -4.71000   0.35312E-02
  -4.70000   0.31238E-02
  -4.69000   0.27711E-02
  -4.68000   0.24652E-02
  -4.67000   0.21993E-02
  -4.66000   0.19677E-02
  -4.65000   0.17654E-02
  -4.64000   0.15884E-02
  -4.63000   0.14330E-02
  -4.62000   0.12964E-02
  -4.61000   0.11759E-02
  -4.60000   0.10693E-02
  -4.59000   0.97495E-03
  -4.58000   0.89111E-03
  -4.57000   0.81648E-03
  -4.56000   0.74988E-03
  -4.55000   0.69032E-03
  -4.54000   0.63694E-03
  -4.53000   0.58901E-03
  -4.52000   0.54588E-03
  -4.51000   0.50700E-03
  -4.50000   0.47188E-03
  -4.49000   0.44011E-03
  -4.48000   0.41132E-03
  -4.47000   0.38520E-03
  -4.46000   0.36146E-03
  -4.45000   0.33988E-03
  -4.44000   0.32024E-03
  -4.43000   0.30235E-03
  -4.42000   0.28607E-03
  -4.41000   0.27126E-03
  -4.40000   0.25780E-03
  -4.39000   0.24561E-03
  -4.38000   0.23460E-03
  -4.37000   0.22473E-03
  -4.36000   0.21596E-03
  -4.35000   0.20830E-03
  -4.34000   0.20175E-03
  -4.33000   0.19638E-03
  -4.32000   0.19229E-03
  -4.31000   0.18962E-03
  -4.30000   0.18861E-03
  -4.29000   0.18957E-03
  -4.28000   0.19298E-03
  -4.27000   0.19945E-03
  -4.26000   0.20989E-03
  -4.25000   0.22551E-03
  -4.24000   0.24798E-03
  -4.23000   0.27961E-03
  -4.22000   0.32343E-03
  -4.21000   0.38344E-03
  -4.20000   0.46455E-03
  -4.19000   0.57235E-03
  -4.18000   0.71211E-03
  -4.17000   0.88683E-03
  -4.16000   0.10937E-02
  -4.15000   0.13202E-02
  -4.14000   0.15410E-02
  -4.13000   0.17214E-02
  -4.12000   0.18267E-02
  -4.11000   0.18369E-02
  -4.10000   0.17550E-02
  -4.09000   0.16044E-02
  -4.08000   0.14168E-02
  -4.07000   0.12210E-02
  -4.06000   0.10368E-02
  -4.05000   0.87427E-03
  -4.04000   0.73669E-03
  -4.03000   0.62314E-03
  -4.02000   0.53076E-03
  -4.01000   0.45616E-03
  -4.00000   0.39606E-03
  -3.99000   0.34758E-03
  -3.98000   0.30837E-03
  -3.97000   0.27651E-03
  -3.96000   0.25050E-03
  -3.95000   0.22916E-03
  -3.94000   0.21155E-03
  -3.93000   0.19696E-03
  -3.92000   0.18482E-03
  -3.91000   0.17469E-03
  -3.90000   0.16621E-03
  -3.89000   0.15911E-03
  -3.88000   0.15316E-03
  -3.87000   0.14820E-03
  -3.86000   0.14406E-03
  -3.85000   0.14065E-03
  -3.84000   0.13787E-03
  -3.83000   0.13564E-03
  -3.82000   0.13391E-03
  -3.81000   0.13261E-03
  -3.80000   0.13173E-03
  -3.79000   0.13121E-03
  -3.78000   0.13104E-03
  -3.77000   0.13120E-03
  -3.76000   0.13168E-03
  -3.75000   0.13245E-03
  -3.74000   0.13352E-03
  -3.73000   0.13489E-03
  -3.72000   0.13654E-03
  -3.71000   0.13850E-03
  -3.70000   0.14075E-03
  -3.69000   0.14331E-03
  -3.68000   0.14620E-03
  -3.67000   0.14941E-03
  -3.66000   0.15299E-03
  -3.65000   0.15693E-03
  -3.64000   0.16127E-03
  -3.63000   0.16604E-03
  -3.62000   0.17127E-03
  -3.61000   0.17700E-03
  -3.60000   0.18326E-03
  -3.59000   0.19012E-03
  -3.58000   0.19762E-03
  -3.57000   0.20583E-03
  -3.56000   0.21482E-03
  -3.55000   0.22470E-03
  -3.54000   0.23554E-03
  -3.53000   0.24747E-03
  -3.52000   0.26063E-03
  -3.51000   0.27516E-03
  -3.50000   0.29127E-03
  -3.49000   0.30916E-03
  -3.48000   0.32909E-03
  -3.47000   0.35138E-03
  -3.46000   0.37639E-03
  -3.45000   0.40456E-03
  -3.44000   0.43644E-03
  -3.43000   0.47268E-03
  -3.42000   0.51409E-03
  -3.41000   0.56166E-03
  -3.40000   0.61663E-03
  -3.39000   0.68054E-03
  -3.38000   0.75534E-03
  -3.37000   0.84346E-03
  -3.36000   0.94802E-03
  -3.35000   0.10729E-02
  -3.34000   0.12232E-02
  -3.33000   0.14051E-02
  -3.32000   0.16263E-02
  -3.31000   0.18965E-02
  -3.30000   0.22267E-02
  -3.29000   0.26290E-02
  -3.28000   0.31150E-02
  -3.27000   0.36922E-02
  -3.26000   0.43585E-02
  -3.25000   0.50944E-02
  -3.24000   0.58551E-02
  -3.23000   0.65675E-02
  -3.22000   0.71412E-02
  -3.21000   0.74960E-02
  -3.20000   0.75971E-02
  -3.19000   0.74772E-02
  -3.18000   0.72280E-02
  -3.17000   0.69678E-02
  -3.16000   0.68074E-02
  -3.15000   0.68317E-02
  -3.14000   0.71021E-02
  -3.13000   0.76684E-02
  -3.12000   0.85850E-02
  -3.11000   0.99281E-02
  -3.10000   0.11814E-01
  -3.09000   0.14423E-01
  -3.08000   0.18042E-01
  -3.07000   0.23133E-01
  -3.06000   0.30457E-01
  -3.05000   0.41336E-01
  -3.04000   0.58176E-01
  -3.03000   0.85673E-01
  -3.02000   0.13379E+00
  -3.01000   0.22591E+00
  -3.00000   0.42320E+00
  -2.99000   0.88791E+00
  -2.98000   0.17602E+01
  -2.97000   0.18146E+01
  -2.96000   0.10540E+01
  -2.95000   0.60742E+00
  -2.94000   0.39361E+00
  -2.93000   0.28247E+00
  -2.92000   0.21903E+00
  -2.91000   0.18023E+00
  -2.90000   0.15546E+00
  -2.89000   0.13943E+00
  -2.88000   0.12931E+00
  -2.87000   0.12357E+00
  -2.86000   0.12140E+00
  -2.85000   0.12250E+00
  -2.84000   0.12693E+00
  -2.83000   0.13520E+00
  -2.82000   0.14831E+00
  -2.81000   0.16810E+00
  -2.80000   0.19786E+00
  -2.79000   0.24363E+00
  -2.78000   0.31715E+00
  -2.77000   0.44303E+00
  -2.76000   0.67586E+00
  -2.75000   0.11272E+01
  -2.74000   0.18176E+01
  -2.73000   0.18463E+01
  -2.72000   0.10676E+01
  -2.71000   0.55199E+00
  -2.70000   0.30830E+00
  -2.69000   0.18834E+00
  -2.68000   0.12367E+00
  -2.67000   0.85859E-01
  -2.66000   0.62244E-01
  -2.65000   0.46703E-01
  -2.64000   0.36033E-01
  -2.63000   0.28451E-01
  -2.62000   0.22905E-01
  -2.61000   0.18749E-01
  -2.60000   0.15570E-01
  -2.59000   0.13094E-01
  -2.58000   0.11136E-01
  -2.57000   0.95653E-02
  -2.56000   0.82905E-02
  -2.55000   0.72443E-02
  -2.54000   0.63774E-02
  -2.53000   0.56526E-02
  -2.52000   0.50419E-02
  -2.51000   0.45235E-02
  -2.50000   0.40805E-02
  -2.49000   0.36997E-02
  -2.48000   0.33705E-02
  -2.47000   0.30844E-02
  -2.46000   0.28346E-02
  -2.45000   0.26156E-02
  -2.44000   0.24227E-02
  -2.43000   0.22522E-02
  -2.42000   0.21010E-02
  -2.41000   0.19664E-02
  -2.40000   0.18464E-02
  -2.39000   0.17389E-02
  -2.38000   0.16426E-02
  -2.37000   0.15559E-02
  -2.36000   0.14778E-02
  -2.35000   0.14074E-02
  -2.34000   0.13436E-02
  -2.33000   0.12859E-02
  -2.32000   0.12336E-02
  -2.31000   0.11861E-02
  -2.30000   0.11429E-02
  -2.29000   0.11037E-02
  -2.28000   0.10681E-02
  -2.27000   0.10357E-02
  -2.26000   0.10062E-02
  -2.25000   0.97946E-03
  -2.24000   0.95520E-03
  -2.23000   0.93322E-03
  -2.22000   0.91337E-03
  -2.21000   0.89548E-03
  -2.20000   0.87943E-03
  -2.19000   0.86510E-03
  -2.18000   0.85239E-03
  -2.17000   0.84121E-03
  -2.16000   0.83146E-03
  -2.15000   0.82311E-03
  -2.14000   0.81609E-03
  -2.13000   0.81035E-03
  -2.12000   0.80584E-03
  -2.11000   0.80255E-03
  -2.10000   0.80044E-03
  -2.09000   0.79950E-03
  -2.08000   0.79971E-03
  -2.07000   0.80109E-03
  -2.06000   0.80363E-03
  -2.05000   0.80734E-03
  -2.04000   0.81223E-03
  -2.03000   0.81834E-03
  -2.02000   0.82570E-03
  -2.01000   0.83435E-03
  -2.00000   0.84432E-03
  -1.99000   0.85569E-03
  -1.98000   0.86852E-03
  -1.97000   0.88288E-03
  -1.96000   0.89887E-03
  -1.95000   0.91657E-03
  -1.94000   0.93612E-03
  -1.93000   0.95764E-03
  -1.92000   0.98127E-03
  -1.91000   0.10072E-02
  -1.90000   0.10356E-02
  -1.89000   0.10668E-02
  -1.88000   0.11010E-02
  -1.87000   0.11385E-02
  -1.86000   0.11798E-02
  -1.85000   0.12254E-02
  -1.84000   0.12761E-02
  -1.83000   0.13329E-02
  -1.82000   0.13977E-02
  -1.81000   0.14735E-02
  -1.80000   0.15659E-02
  -1.79000   0.16857E-02
  -1.78000   0.18532E-02
  -1.77000   0.21006E-02
  -1.76000   0.24470E-02
  -1.75000   0.28090E-02
  -1.74000   0.29834E-02
  -1.73000   0.29350E-02
  -1.72000   0.28541E-02
  -1.71000   0.28611E-02
  -1.70000   0.29630E-02
  -1.69000   0.31382E-02
  -1.68000   0.33719E-02
  -1.67000   0.36590E-02
  -1.66000   0.40012E-02
  -1.65000   0.44047E-02
  -1.64000   0.48801E-02
  -1.63000   0.54416E-02
  -1.62000   0.61077E-02
  -1.61000   0.69021E-02
  -1.60000   0.78543E-02
  -1.59000   0.90004E-02
  -1.58000   0.10384E-01
  -1.57000   0.12053E-01
  -1.56000   0.14060E-01
  -1.55000   0.16450E-01
  -1.54000   0.19254E-01
  -1.53000   0.22465E-01
  -1.52000   0.26023E-01
  -1.51000   0.29804E-01
  -1.50000   0.33625E-01
  -1.49000   0.37294E-01
  -1.48000   0.40668E-01
  -1.47000   0.43719E-01
  -1.46000   0.46561E-01
  -1.45000   0.49430E-01
  -1.44000   0.52622E-01
  -1.43000   0.56443E-01
  -1.42000   0.61160E-01
  -1.41000   0.66992E-01
  -1.40000   0.74108E-01
  -1.39000   0.82632E-01
  -1.38000   0.92646E-01
  -1.37000   0.10419E+00
  -1.36000   0.11725E+00
  -1.35000   0.13174E+00
  -1.34000   0.14750E+00
  -1.33000   0.16428E+00
  -1.32000   0.18174E+00
  -1.31000   0.19944E+00
  -1.30000   0.21686E+00
  -1.29000   0.23346E+00
  -1.28000   0.24869E+00
  -1.27000   0.26205E+00
  -1.26000   0.27314E+00
  -1.25000   0.28166E+00
  -1.24000   0.28748E+00
  -1.23000   0.29059E+00
  -1.22000   0.29113E+00
  -1.21000   0.28932E+00
  -1.20000   0.28548E+00
  -1.19000   0.27996E+00
  -1.18000   0.27313E+00
  -1.17000   0.26535E+00
  -1.16000   0.25694E+00
  -1.15000   0.24821E+00
  -1.14000   0.23938E+00
  -1.13000   0.23067E+00
  -1.12000   0.22224E+00
  -1.11000   0.21419E+00
  -1.10000   0.20663E+00
  -1.09000   0.19961E+00
  -1.08000   0.19317E+00
  -1.07000   0.18733E+00
  -1.06000   0.18210E+00
  -1.05000   0.17749E+00
  -1.04000   0.17349E+00
  -1.03000   0.17010E+00
  -1.02000   0.16730E+00
  -1.01000   0.16510E+00
  -1.00000   0.16350E+00
  -0.99000   0.16248E+00
  -0.98000   0.16205E+00
  -0.97000   0.16223E+00
  -0.96000   0.16302E+00
  -0.95000   0.16445E+00
  -0.94000   0.16654E+00
  -0.93000   0.16933E+00
  -0.92000   0.17286E+00
  -0.91000   0.17720E+00
  -0.90000   0.18241E+00
  -0.89000   0.18858E+00
  -0.88000   0.19581E+00
  -0.87000   0.20422E+00
  -0.86000   0.21397E+00
  -0.85000   0.22523E+00
  -0.84000   0.23822E+00
  -0.83000   0.25322E+00
  -0.82000   0.27053E+00
  -0.81000   0.29056E+00
  -0.80000   0.31380E+00
  -0.79000   0.34086E+00
  -0.78000   0.37251E+00
  -0.77000   0.40958E+00
  -0.76000   0.45280E+00
  -0.75000   0.50253E+00
  -0.74000   0.55931E+00
  -0.73000   0.62474E+00
  -0.72000   0.70115E+00
  -0.71000   0.79062E+00
  -0.70000   0.89458E+00
  -0.69000   0.10138E+01
  -0.68000   0.11479E+01
  -0.67000   0.12947E+01
  -0.66000   0.14495E+01
  -0.65000   0.16043E+01
  -0.64000   0.17480E+01
  -0.63000   0.18681E+01
  -0.62000   0.19531E+01
  -0.61000   0.19961E+01
  -0.60000   0.19964E+01
  -0.59000   0.19595E+01
  -0.58000   0.18949E+01
  -0.57000   0.18132E+01
  -0.56000   0.17242E+01
  -0.55000   0.16352E+01
  -0.54000   0.15515E+01
  -0.53000   0.14762E+01
  -0.52000   0.14111E+01
  -0.51000   0.13568E+01
  -0.50000   0.13137E+01
  -0.49000   0.12817E+01
  -0.48000   0.12607E+01
  -0.47000   0.12506E+01
  -0.46000   0.12514E+01
  -0.45000   0.12633E+01
  -0.44000   0.12866E+01
  -0.43000   0.13219E+01
  -0.42000   0.13699E+01
  -0.41000   0.14313E+01
  -0.40000   0.15067E+01
  -0.39000   0.15965E+01
  -0.38000   0.17009E+01
  -0.37000   0.18188E+01
  -0.36000   0.19487E+01
  -0.35000   0.20879E+01
  -0.34000   0.22344E+01
  -0.33000   0.23873E+01
  -0.32000   0.25465E+01
  -0.31000   0.27061E+01
  -0.30000   0.28422E+01
  -0.29000   0.29065E+01
  -0.28000   0.28457E+01
  -0.27000   0.26390E+01
  -0.26000   0.23180E+01
  -0.25000   0.19517E+01
  -0.24000   0.16072E+01
  -0.23000   0.13205E+01
  -0.22000   0.10978E+01
  -0.21000   0.92943E+00
  -0.20000   0.80277E+00
  -0.19000   0.70679E+00
  -0.18000   0.63328E+00
  -0.17000   0.57645E+00
  -0.16000   0.53230E+00
  -0.15000   0.49805E+00
  -0.14000   0.47175E+00
  -0.13000   0.45206E+00
  -0.12000   0.43803E+00
  -0.11000   0.42903E+00
  -0.10000   0.42467E+00
  -0.09000   0.42477E+00
  -0.08000   0.42931E+00
  -0.07000   0.43846E+00
  -0.06000   0.45256E+00
  -0.05000   0.47217E+00
  -0.04000   0.49806E+00
  -0.03000   0.53132E+00
  -0.02000   0.57339E+00
  -0.01000   0.62617E+00
   0.00000   0.69210E+00
   0.01000   0.77422E+00
   0.02000   0.87620E+00
   0.03000   0.10020E+01
   0.04000   0.11551E+01
   0.05000   0.13360E+01
   0.06000   0.15384E+01
   0.07000   0.17428E+01
   0.08000   0.19121E+01
   0.09000   0.19981E+01
   0.10000   0.19656E+01
   0.11000   0.18185E+01
   0.12000   0.15985E+01
   0.13000   0.13568E+01
   0.14000   0.11299E+01
   0.15000   0.93469E+00
   0.16000   0.77427E+00
   0.17000   0.64538E+00
   0.18000   0.54266E+00
   0.19000   0.46078E+00
   0.20000   0.39521E+00
   0.21000   0.34232E+00
   0.22000   0.29931E+00
   0.23000   0.26403E+00
   0.24000   0.23484E+00
   0.25000   0.21049E+00
   0.26000   0.19003E+00
   0.27000   0.17270E+00
   0.28000   0.15795E+00
   0.29000   0.14532E+00
   0.30000   0.13446E+00
   0.31000   0.12508E+00
   0.32000   0.11696E+00
   0.33000   0.10991E+00
   0.34000   0.10381E+00
   0.35000   0.98522E-01
   0.36000   0.93971E-01
   0.37000   0.90087E-01
   0.38000   0.86825E-01
   0.39000   0.84159E-01
   0.40000   0.82084E-01
   0.41000   0.80620E-01
   0.42000   0.79815E-01
   0.43000   0.79751E-01
   0.44000   0.80562E-01
   0.45000   0.82441E-01
   0.46000   0.85673E-01
   0.47000   0.90661E-01
   0.48000   0.97979E-01
   0.49000   0.10843E+00
   0.50000   0.12312E+00
   0.51000   0.14354E+00
   0.52000   0.17159E+00
   0.53000   0.20950E+00
   0.54000   0.25949E+00
   0.55000   0.32288E+00
   0.56000   0.39865E+00
   0.57000   0.48170E+00
   0.58000   0.56186E+00
   0.59000   0.62544E+00
   0.60000   0.65963E+00
   0.61000   0.65783E+00
   0.62000   0.62239E+00
   0.63000   0.56296E+00
   0.64000   0.49194E+00
   0.65000   0.42017E+00
   0.66000   0.35469E+00
   0.67000   0.29880E+00
   0.68000   0.25311E+00
   0.69000   0.21679E+00
   0.70000   0.18842E+00
   0.71000   0.16651E+00
   0.72000   0.14975E+00
   0.73000   0.13703E+00
   0.74000   0.12749E+00
   0.75000   0.12046E+00
   0.76000   0.11544E+00
   0.77000   0.11205E+00
   0.78000   0.11000E+00
   0.79000   0.10911E+00
   0.80000   0.10920E+00
   0.81000   0.11020E+00
   0.82000   0.11201E+00
   0.83000   0.11462E+00
   0.84000   0.11801E+00
   0.85000   0.12220E+00
   0.86000   0.12721E+00
   0.87000   0.13311E+00
   0.88000   0.13997E+00
   0.89000   0.14791E+00
   0.90000   0.15704E+00
   0.91000   0.16756E+00
   0.92000   0.17966E+00
   0.93000   0.19360E+00
   0.94000   0.20972E+00
   0.95000   0.22843E+00
   0.96000   0.25022E+00
   0.97000   0.27575E+00
   0.98000   0.30582E+00
   0.99000   0.34146E+00
   1.00000   0.38399E+00
   1.01000   0.43506E+00
   1.02000   0.49682E+00
   1.03000   0.57192E+00
   1.04000   0.66367E+00
   1.05000   0.77593E+00
   1.06000   0.91278E+00
   1.07000   0.10776E+01
   1.08000   0.12706E+01
   1.09000   0.14852E+01
   1.10000   0.17019E+01
   1.11000   0.18856E+01
   1.12000   0.19915E+01
   1.13000   0.19868E+01
   1.14000   0.18717E+01
   1.15000   0.16802E+01
   1.16000   0.14574E+01
   1.17000   0.12387E+01
   1.18000   0.10433E+01
   1.19000   0.87748E+00
   1.20000   0.74049E+00
   1.21000   0.62870E+00
   1.22000   0.53776E+00
   1.23000   0.46365E+00
   1.24000   0.40297E+00
   1.25000   0.35299E+00
   1.26000   0.31152E+00
   1.27000   0.27689E+00
   1.28000   0.24776E+00
   1.29000   0.22310E+00
   1.30000   0.20210E+00
   1.31000   0.18410E+00
   1.32000   0.16862E+00
   1.33000   0.15522E+00
   1.34000   0.14360E+00
   1.35000   0.13348E+00
   1.36000   0.12466E+00
   1.37000   0.11695E+00
   1.38000   0.11021E+00
   1.39000   0.10434E+00
   1.40000   0.99227E-01
   1.41000   0.94802E-01
   1.42000   0.91001E-01
   1.43000   0.87772E-01
   1.44000   0.85073E-01
   1.45000   0.82870E-01
   1.46000   0.81135E-01
   1.47000   0.79840E-01
   1.48000   0.78962E-01
   1.49000   0.78471E-01
   1.50000   0.78336E-01
   1.51000   0.78514E-01
   1.52000   0.78954E-01
   1.53000   0.79586E-01
   1.54000   0.80327E-01
   1.55000   0.81077E-01
   1.56000   0.81724E-01
   1.57000   0.82151E-01
   1.58000   0.82246E-01
   1.59000   0.81914E-01
   1.60000   0.81090E-01
   1.61000   0.79745E-01
   1.62000   0.77894E-01
   1.63000   0.75591E-01
   1.64000   0.72920E-01
   1.65000   0.69989E-01
   1.66000   0.66907E-01
   1.67000   0.63784E-01
   1.68000   0.60711E-01
   1.69000   0.57764E-01
   1.70000   0.54997E-01
   1.71000   0.52446E-01
   1.72000   0.50129E-01
   1.73000   0.48055E-01
   1.74000   0.46221E-01
   1.75000   0.44618E-01
   1.76000   0.43233E-01
   1.77000   0.42055E-01
   1.78000   0.41067E-01
   1.79000   0.40256E-01
   1.80000   0.39610E-01
   1.81000   0.39119E-01
   1.82000   0.38774E-01
   1.83000   0.38568E-01
   1.84000   0.38496E-01
   1.85000   0.38557E-01
   1.86000   0.38751E-01
   1.87000   0.39081E-01
   1.88000   0.39552E-01
   1.89000   0.40174E-01
   1.90000   0.40958E-01
   1.91000   0.41922E-01
   1.92000   0.43088E-01
   1.93000   0.44485E-01
   1.94000   0.46148E-01
   1.95000   0.48121E-01
   1.96000   0.50458E-01
   1.97000   0.53226E-01
   1.98000   0.56501E-01
   1.99000   0.60368E-01
   2.00000   0.64918E-01
   2.01000   0.70232E-01
   2.02000   0.76368E-01
   2.03000   0.83326E-01
   2.04000   0.91012E-01
   2.05000   0.99200E-01
   2.06000   0.10751E+00
   2.07000   0.11542E+00
   2.08000   0.12237E+00
   2.09000   0.12786E+00
   2.10000   0.13165E+00
   2.11000   0.13380E+00
   2.12000   0.13471E+00
   2.13000   0.13498E+00
   2.14000   0.13527E+00
   2.15000   0.13615E+00
   2.16000   0.13807E+00
   2.17000   0.14134E+00
   2.18000   0.14612E+00
   2.19000   0.15252E+00
   2.20000   0.16058E+00
   2.21000   0.17032E+00
   2.22000   0.18177E+00
   2.23000   0.19494E+00
   2.24000   0.20985E+00
   2.25000   0.22650E+00
   2.26000   0.24485E+00
   2.27000   0.26486E+00
   2.28000   0.28640E+00
   2.29000   0.30926E+00
   2.30000   0.33316E+00
   2.31000   0.35771E+00
   2.32000   0.38236E+00
   2.33000   0.40649E+00
   2.34000   0.42933E+00
   2.35000   0.45007E+00
   2.36000   0.46782E+00
   2.37000   0.48175E+00
   2.38000   0.49108E+00
   2.39000   0.49521E+00
   2.40000   0.49376E+00
   2.41000   0.48658E+00
   2.42000   0.47383E+00
   2.43000   0.45597E+00
   2.44000   0.43367E+00
   2.45000   0.40783E+00
   2.46000   0.37945E+00
   2.47000   0.34956E+00
   2.48000   0.31916E+00
   2.49000   0.28911E+00
   2.50000   0.26012E+00
   2.51000   0.23272E+00
   2.52000   0.20729E+00
   2.53000   0.18402E+00
   2.54000   0.16298E+00
   2.55000   0.14415E+00
   2.56000   0.12742E+00
   2.57000   0.11266E+00
   2.58000   0.99693E-01
   2.59000   0.88341E-01
   2.60000   0.78428E-01
   2.61000   0.69783E-01
   2.62000   0.62251E-01
   2.63000   0.55689E-01
   2.64000   0.49971E-01
   2.65000   0.44985E-01
   2.66000   0.40632E-01
   2.67000   0.36827E-01
   2.68000   0.33496E-01
   2.69000   0.30577E-01
   2.70000   0.28013E-01
   2.71000   0.25758E-01
   2.72000   0.23772E-01
   2.73000   0.22020E-01
   2.74000   0.20471E-01
   2.75000   0.19101E-01
   2.76000   0.17888E-01
   2.77000   0.16812E-01
   2.78000   0.15857E-01
   2.79000   0.15010E-01
   2.80000   0.14258E-01
   2.81000   0.13590E-01
   2.82000   0.12998E-01
   2.83000   0.12474E-01
   2.84000   0.12011E-01
   2.85000   0.11604E-01
   2.86000   0.11247E-01
   2.87000   0.10936E-01
   2.88000   0.10667E-01
   2.89000   0.10437E-01
   2.90000   0.10244E-01
   2.91000   0.10084E-01
   2.92000   0.99572E-02
   2.93000   0.98608E-02
   2.94000   0.97939E-02
   2.95000   0.97556E-02
   2.96000   0.97453E-02
   2.97000   0.97626E-02
   2.98000   0.98075E-02
   2.99000   0.98801E-02
   3.00000   0.99810E-02
   3.01000   0.10111E-01
   3.02000   0.10271E-01
   3.03000   0.10462E-01
   3.04000   0.10687E-01
   3.05000   0.10947E-01
   3.06000   0.11245E-01
   3.07000   0.11583E-01
   3.08000   0.11967E-01
   3.09000   0.12399E-01
   3.10000   0.12885E-01
   3.11000   0.13431E-01
   3.12000   0.14044E-01
   3.13000   0.14731E-01
   3.14000   0.15504E-01
   3.15000   0.16372E-01
   3.16000   0.17350E-01
   3.17000   0.18454E-01
   3.18000   0.19702E-01
   3.19000   0.21120E-01
   3.20000   0.22733E-01
   3.21000   0.24577E-01
   3.22000   0.26692E-01
   3.23000   0.29129E-01
   3.24000   0.31951E-01
   3.25000   0.35233E-01
   3.26000   0.39070E-01
   3.27000   0.43582E-01
   3.28000   0.48914E-01
   3.29000   0.55252E-01
   3.30000   0.62825E-01
   3.31000   0.71922E-01
   3.32000   0.82903E-01
   3.33000   0.96212E-01
   3.34000   0.11239E+00
   3.35000   0.13210E+00
   3.36000   0.15609E+00
   3.37000   0.18524E+00
   3.38000   0.22045E+00
   3.39000   0.26257E+00
   3.40000   0.31227E+00
   3.41000   0.36980E+00
   3.42000   0.43477E+00
   3.43000   0.50593E+00
   3.44000   0.58110E+00
   3.45000   0.65731E+00
   3.46000   0.73118E+00
   3.47000   0.79953E+00
   3.48000   0.85990E+00
   3.49000   0.91100E+00
   3.50000   0.95278E+00
   3.51000   0.98629E+00
   3.52000   0.10134E+01
   3.53000   0.10361E+01
   3.54000   0.10567E+01
   3.55000   0.10770E+01
   3.56000   0.10983E+01
   3.57000   0.11213E+01
   3.58000   0.11461E+01
   3.59000   0.11720E+01
   3.60000   0.11973E+01
   3.61000   0.12201E+01
   3.62000   0.12377E+01
   3.63000   0.12471E+01
   3.64000   0.12459E+01
   3.65000   0.12319E+01
   3.66000   0.12043E+01
   3.67000   0.11633E+01
   3.68000   0.11106E+01
   3.69000   0.10488E+01
   3.70000   0.98095E+00
   3.71000   0.91036E+00
   3.72000   0.83995E+00
   3.73000   0.77210E+00
   3.74000   0.70849E+00
   3.75000   0.65015E+00
   3.76000   0.59754E+00
   3.77000   0.55075E+00
   3.78000   0.50956E+00
   3.79000   0.47360E+00
   3.80000   0.44240E+00
   3.81000   0.41550E+00
   3.82000   0.39243E+00
   3.83000   0.37274E+00
   3.84000   0.35607E+00
   3.85000   0.34206E+00
   3.86000   0.33043E+00
   3.87000   0.32093E+00
   3.88000   0.31335E+00
   3.89000   0.30752E+00
   3.90000   0.30330E+00
   3.91000   0.30057E+00
   3.92000   0.29926E+00
   3.93000   0.29931E+00
   3.94000   0.30067E+00
   3.95000   0.30331E+00
   3.96000   0.30725E+00
   3.97000   0.31249E+00
   3.98000   0.31908E+00
   3.99000   0.32705E+00
   4.00000   0.33648E+00
   4.01000   0.34747E+00
   4.02000   0.36011E+00
   4.03000   0.37456E+00
   4.04000   0.39096E+00
   4.05000   0.40951E+00
   4.06000   0.43043E+00
   4.07000   0.45398E+00
   4.08000   0.48046E+00
   4.09000   0.51021E+00
   4.10000   0.54365E+00
   4.11000   0.58124E+00
   4.12000   0.62352E+00
   4.13000   0.67113E+00
   4.14000   0.72480E+00
   4.15000   0.78536E+00
   4.16000   0.85382E+00
   4.17000   0.93128E+00
   4.18000   0.10190E+01
   4.19000   0.11185E+01
   4.20000   0.12313E+01
   4.21000   0.13590E+01
   4.22000   0.15035E+01
   4.23000   0.16662E+01
   4.24000   0.18486E+01
   4.25000   0.20511E+01
   4.26000   0.22736E+01
   4.27000   0.25138E+01
   4.28000   0.27678E+01
   4.29000   0.30285E+01
   4.30000   0.32859E+01
   4.31000   0.35276E+01
   4.32000   0.37392E+01
   4.33000   0.39071E+01
   4.34000   0.40204E+01
   4.35000   0.40734E+01
   4.36000   0.40661E+01
   4.37000   0.40046E+01
   4.38000   0.38992E+01
   4.39000   0.37619E+01
   4.40000   0.36051E+01
   4.41000   0.34398E+01
   4.42000   0.32746E+01
   4.43000   0.31163E+01
   4.44000   0.29696E+01
   4.45000   0.28377E+01
   4.46000   0.27225E+01
   4.47000   0.26255E+01
   4.48000   0.25473E+01
   4.49000   0.24887E+01
   4.50000   0.24501E+01
   4.51000   0.24321E+01
   4.52000   0.24350E+01
   4.53000   0.24590E+01
   4.54000   0.25041E+01
   4.55000   0.25693E+01
   4.56000   0.26526E+01
   4.57000   0.27509E+01
   4.58000   0.28592E+01
   4.59000   0.29714E+01
   4.60000   0.30807E+01
   4.61000   0.31805E+01
   4.62000   0.32658E+01
   4.63000   0.33337E+01
   4.64000   0.33839E+01
   4.65000   0.34184E+01
   4.66000   0.34407E+01
   4.67000   0.34549E+01
   4.68000   0.34655E+01
   4.69000   0.34762E+01
   4.70000   0.34905E+01
   4.71000   0.35109E+01
   4.72000   0.35396E+01
   4.73000   0.35780E+01
   4.74000   0.36271E+01
   4.75000   0.36876E+01
   4.76000   0.37599E+01
   4.77000   0.38439E+01
   4.78000   0.39394E+01
   4.79000   0.40454E+01
   4.80000   0.41609E+01
   4.81000   0.42842E+01
   4.82000   0.44131E+01
   4.83000   0.45451E+01
   4.84000   0.46771E+01
   4.85000   0.48057E+01
   4.86000   0.49273E+01
   4.87000   0.50379E+01
   4.88000   0.51332E+01
   4.89000   0.52082E+01
   4.90000   0.52577E+01
   4.91000   0.52761E+01
   4.92000   0.52582E+01
   4.93000   0.52000E+01
   4.94000   0.50998E+01
   4.95000   0.49591E+01
   4.96000   0.47825E+01
   4.97000   0.45772E+01
   4.98000   0.43520E+01
   4.99000   0.41155E+01
   5.00000   0.38757E+01
   5.01000   0.36389E+01
   5.02000   0.34095E+01
   5.03000   0.31902E+01
   5.04000   0.29823E+01
   5.05000   0.27859E+01
   5.06000   0.26005E+01
   5.07000   0.24252E+01
   5.08000   0.22592E+01
   5.09000   0.21017E+01
   5.10000   0.19523E+01
   5.11000   0.18109E+01
   5.12000   0.16777E+01
   5.13000   0.15529E+01
   5.14000   0.14371E+01
   5.15000   0.13305E+01
   5.16000   0.12334E+01
   5.17000   0.11456E+01
   5.18000   0.10662E+01
   5.19000   0.99427E+00
   5.20000   0.92823E+00
   5.21000   0.86639E+00
   5.22000   0.80721E+00
   5.23000   0.74954E+00
   5.24000   0.69283E+00
   5.25000   0.63719E+00
   5.26000   0.58323E+00
   5.27000   0.53182E+00
   5.28000   0.48378E+00
   5.29000   0.43969E+00
   5.30000   0.39981E+00
   5.31000   0.36413E+00
   5.32000   0.33242E+00
   5.33000   0.30436E+00
   5.34000   0.27956E+00
   5.35000   0.25763E+00
   5.36000   0.23821E+00
   5.37000   0.22095E+00
   5.38000   0.20558E+00
   5.39000   0.19182E+00
   5.40000   0.17948E+00
   5.41000   0.16836E+00
   5.42000   0.15830E+00
   5.43000   0.14918E+00
   5.44000   0.14088E+00
   5.45000   0.13330E+00
   5.46000   0.12636E+00
   5.47000   0.12000E+00
   5.48000   0.11414E+00
   5.49000   0.10873E+00
   5.50000   0.10374E+00
   5.51000   0.99114E-01
   5.52000   0.94821E-01
   5.53000   0.90828E-01
   5.54000   0.87109E-01
   5.55000   0.83638E-01
   5.56000   0.80395E-01
   5.57000   0.77359E-01
   5.58000   0.74513E-01
   5.59000   0.71843E-01
   5.60000   0.69333E-01
   5.61000   0.66972E-01
   5.62000   0.64749E-01
   5.63000   0.62653E-01
   5.64000   0.60676E-01
   5.65000   0.58809E-01
   5.66000   0.57045E-01
   5.67000   0.55378E-01
   5.68000   0.53800E-01
   5.69000   0.52306E-01
   5.70000   0.50892E-01
   5.71000   0.49552E-01
   5.72000   0.48281E-01
   5.73000   0.47076E-01
   5.74000   0.45933E-01
   5.75000   0.44847E-01
   5.76000   0.43817E-01
   5.77000   0.42838E-01
   5.78000   0.41909E-01
   5.79000   0.41025E-01
   5.80000   0.40186E-01
   5.81000   0.39388E-01
   5.82000   0.38629E-01
   5.83000   0.37907E-01
   5.84000   0.37221E-01
   5.85000   0.36569E-01
   5.86000   0.35949E-01
   5.87000   0.35359E-01
   5.88000   0.34798E-01
   5.89000   0.34266E-01
   5.90000   0.33760E-01
   5.91000   0.33279E-01
   5.92000   0.32823E-01
   5.93000   0.32390E-01
   5.94000   0.31980E-01
   5.95000   0.31591E-01
   5.96000   0.31223E-01
   5.97000   0.30875E-01
   5.98000   0.30546E-01
   5.99000   0.30236E-01
   6.00000   0.29944E-01
   6.01000   0.29669E-01
   6.02000   0.29412E-01
   6.03000   0.29171E-01
   6.04000   0.28946E-01
   6.05000   0.28736E-01
   6.06000   0.28542E-01
   6.07000   0.28363E-01
   6.08000   0.28198E-01
   6.09000   0.28048E-01
   6.10000   0.27912E-01
   6.11000   0.27789E-01
   6.12000   0.27681E-01
   6.13000   0.27586E-01
   6.14000   0.27504E-01
   6.15000   0.27436E-01
   6.16000   0.27380E-01
   6.17000   0.27338E-01
   6.18000   0.27310E-01
   6.19000   0.27294E-01
   6.20000   0.27291E-01
   6.21000   0.27302E-01
   6.22000   0.27326E-01
   6.23000   0.27364E-01
   6.24000   0.27415E-01
   6.25000   0.27481E-01
   6.26000   0.27560E-01
   6.27000   0.27654E-01
   6.28000   0.27762E-01
   6.29000   0.27885E-01
   6.30000   0.28024E-01
   6.31000   0.28178E-01
   6.32000   0.28349E-01
   6.33000   0.28537E-01
   6.34000   0.28742E-01
   6.35000   0.28965E-01
   6.36000   0.29208E-01
   6.37000   0.29469E-01
   6.38000   0.29752E-01
   6.39000   0.30056E-01
   6.40000   0.30382E-01
   6.41000   0.30733E-01
   6.42000   0.31108E-01
   6.43000   0.31510E-01
   6.44000   0.31940E-01
   6.45000   0.32400E-01
   6.46000   0.32892E-01
   6.47000   0.33418E-01
   6.48000   0.33980E-01
   6.49000   0.34580E-01
   6.50000   0.35223E-01
   6.51000   0.35910E-01
   6.52000   0.36645E-01
   6.53000   0.37432E-01
   6.54000   0.38276E-01
   6.55000   0.39182E-01
   6.56000   0.40154E-01
   6.57000   0.41198E-01
   6.58000   0.42321E-01
   6.59000   0.43531E-01
   6.60000   0.44836E-01
   6.61000   0.46245E-01
   6.62000   0.47767E-01
   6.63000   0.49415E-01
   6.64000   0.51202E-01
   6.65000   0.53140E-01
   6.66000   0.55247E-01
   6.67000   0.57538E-01
   6.68000   0.60032E-01
   6.69000   0.62751E-01
   6.70000   0.65717E-01
   6.71000   0.68952E-01
   6.72000   0.72483E-01
   6.73000   0.76335E-01
   6.74000   0.80535E-01
   6.75000   0.85107E-01
   6.76000   0.90077E-01
   6.77000   0.95465E-01
   6.78000   0.10129E+00
   6.79000   0.10755E+00
   6.80000   0.11425E+00
   6.81000   0.12138E+00
   6.82000   0.12891E+00
   6.83000   0.13680E+00
   6.84000   0.14499E+00
   6.85000   0.15341E+00
   6.86000   0.16199E+00
   6.87000   0.17064E+00
   6.88000   0.17928E+00
   6.89000   0.18786E+00
   6.90000   0.19631E+00
   6.91000   0.20465E+00
   6.92000   0.21290E+00
   6.93000   0.22113E+00
   6.94000   0.22949E+00
   6.95000   0.23815E+00
   6.96000   0.24735E+00
   6.97000   0.25740E+00
   6.98000   0.26867E+00
   6.99000   0.28163E+00
   7.00000   0.29682E+00
   7.01000   0.31494E+00
   7.02000   0.33686E+00
   7.03000   0.36369E+00
   7.04000   0.39689E+00
   7.05000   0.43836E+00
   7.06000   0.49066E+00
   7.07000   0.55721E+00
   7.08000   0.64263E+00
   7.09000   0.75312E+00
   7.10000   0.89686E+00
   7.11000   0.10842E+01
   7.12000   0.13272E+01
   7.13000   0.16378E+01
   7.14000   0.20226E+01
   7.15000   0.24743E+01
   7.16000   0.29620E+01
   7.17000   0.34298E+01
   7.18000   0.38151E+01
   7.19000   0.40788E+01
   7.20000   0.42232E+01
   7.21000   0.42825E+01
   7.22000   0.42994E+01
   7.23000   0.43075E+01
   7.24000   0.43242E+01
   7.25000   0.43489E+01
   7.26000   0.43603E+01
   7.27000   0.43170E+01
   7.28000   0.41665E+01
   7.29000   0.38712E+01
   7.30000   0.34420E+01
   7.31000   0.29445E+01
   7.32000   0.24629E+01
   7.33000   0.20569E+01
   7.34000   0.17480E+01
   7.35000   0.15318E+01
   7.36000   0.13929E+01
   7.37000   0.13150E+01
   7.38000   0.12843E+01
   7.39000   0.12905E+01
   7.40000   0.13258E+01
   7.41000   0.13844E+01
   7.42000   0.14614E+01
   7.43000   0.15520E+01
   7.44000   0.16512E+01
   7.45000   0.17528E+01
   7.46000   0.18498E+01
   7.47000   0.19342E+01
   7.48000   0.19979E+01
   7.49000   0.20341E+01
   7.50000   0.20382E+01
   7.51000   0.20091E+01
   7.52000   0.19491E+01
   7.53000   0.18635E+01
   7.54000   0.17592E+01
   7.55000   0.16434E+01
   7.56000   0.15229E+01
   7.57000   0.14029E+01
   7.58000   0.12871E+01
   7.59000   0.11781E+01
   7.60000   0.10772E+01
   7.61000   0.98493E+00
   7.62000   0.90124E+00
   7.63000   0.82578E+00
   7.64000   0.75799E+00
   7.65000   0.69721E+00
   7.66000   0.64277E+00
   7.67000   0.59399E+00
   7.68000   0.55027E+00
   7.69000   0.51103E+00
   7.70000   0.47576E+00
   7.71000   0.44401E+00
   7.72000   0.41536E+00
   7.73000   0.38948E+00
   7.74000   0.36604E+00
   7.75000   0.34477E+00
   7.76000   0.32543E+00
   7.77000   0.30781E+00
   7.78000   0.29173E+00
   7.79000   0.27703E+00
   7.80000   0.26356E+00
   7.81000   0.25120E+00
   7.82000   0.23984E+00
   7.83000   0.22938E+00
   7.84000   0.21974E+00
   7.85000   0.21084E+00
   7.86000   0.20261E+00
   7.87000   0.19499E+00
   7.88000   0.18794E+00
   7.89000   0.18140E+00
   7.90000   0.17533E+00
   7.91000   0.16969E+00
   7.92000   0.16444E+00
   7.93000   0.15957E+00
   7.94000   0.15504E+00
   7.95000   0.15082E+00
   7.96000   0.14689E+00
   7.97000   0.14324E+00
   7.98000   0.13984E+00
   7.99000   0.13668E+00
   8.00000   0.13374E+00
   8.01000   0.13101E+00
   8.02000   0.12849E+00
   8.03000   0.12615E+00
   8.04000   0.12399E+00
   8.05000   0.12199E+00
   8.06000   0.12017E+00
   8.07000   0.11849E+00
   8.08000   0.11697E+00
   8.09000   0.11559E+00
   8.10000   0.11435E+00
   8.11000   0.11324E+00
   8.12000   0.11227E+00
   8.13000   0.11143E+00
   8.14000   0.11071E+00
   8.15000   0.11012E+00
   8.16000   0.10966E+00
   8.17000   0.10932E+00
   8.18000   0.10911E+00
   8.19000   0.10903E+00
   8.20000   0.10908E+00
   8.21000   0.10926E+00
   8.22000   0.10958E+00
   8.23000   0.11003E+00
   8.24000   0.11063E+00
   8.25000   0.11138E+00
   8.26000   0.11229E+00
   8.27000   0.11337E+00
   8.28000   0.11462E+00
   8.29000   0.11606E+00
   8.30000   0.11770E+00
   8.31000   0.11956E+00
   8.32000   0.12164E+00
   8.33000   0.12398E+00
   8.34000   0.12659E+00
   8.35000   0.12951E+00
   8.36000   0.13275E+00
   8.37000   0.13636E+00
   8.38000   0.14037E+00
   8.39000   0.14484E+00
   8.40000   0.14981E+00
   8.41000   0.15535E+00
   8.42000   0.16155E+00
   8.43000   0.16848E+00
   8.44000   0.17626E+00
   8.45000   0.18501E+00
   8.46000   0.19490E+00
   8.47000   0.20611E+00
   8.48000   0.21887E+00
   8.49000   0.23346E+00
   8.50000   0.25025E+00
   8.51000   0.26967E+00
   8.52000   0.29229E+00
   8.53000   0.31880E+00
   8.54000   0.35014E+00
   8.55000   0.38748E+00
   8.56000   0.43237E+00
   8.57000   0.48683E+00
   8.58000   0.55351E+00
   8.59000   0.63588E+00
   8.60000   0.73836E+00
   8.61000   0.86626E+00
   8.62000   0.10253E+01
   8.63000   0.12193E+01
   8.64000   0.14457E+01
   8.65000   0.16855E+01
   8.66000   0.18927E+01
   8.67000   0.19980E+01
   8.68000   0.19471E+01
   8.69000   0.17491E+01
   8.70000   0.14722E+01
   8.71000   0.11895E+01
   8.72000   0.94253E+00
   8.73000   0.74340E+00
   8.74000   0.58867E+00
   8.75000   0.47007E+00
   8.76000   0.37921E+00
   8.77000   0.30920E+00
   8.78000   0.25476E+00
   8.79000   0.21198E+00
   8.80000   0.17800E+00
   8.81000   0.15073E+00
   8.82000   0.12862E+00
   8.83000   0.11052E+00
   8.84000   0.95585E-01
   8.85000   0.83153E-01
   8.86000   0.72731E-01
   8.87000   0.63931E-01
   8.88000   0.56455E-01
   8.89000   0.50066E-01
   8.90000   0.44576E-01
   8.91000   0.39835E-01
   8.92000   0.35721E-01
   8.93000   0.32137E-01
   8.94000   0.29000E-01
   8.95000   0.26246E-01
   8.96000   0.23818E-01
   8.97000   0.21672E-01
   8.98000   0.19768E-01
   8.99000   0.18075E-01
   9.00000   0.16565E-01
   9.01000   0.15215E-01
   9.02000   0.14005E-01
   9.03000   0.12919E-01
   9.04000   0.11941E-01
   9.05000   0.11060E-01
   9.06000   0.10264E-01
   9.07000   0.95444E-02
   9.08000   0.88922E-02
   9.09000   0.83003E-02
   9.10000   0.77624E-02
   9.11000   0.72729E-02
   9.12000   0.68267E-02
   9.13000   0.64195E-02
   9.14000   0.60475E-02
   9.15000   0.57074E-02
   9.16000   0.53961E-02
   9.17000   0.51111E-02
   9.18000   0.48499E-02
   9.19000   0.46102E-02
   9.20000   0.43900E-02
   9.21000   0.41872E-02
   9.22000   0.40001E-02
   9.23000   0.38273E-02
   9.24000   0.36677E-02
   9.25000   0.35202E-02
   9.26000   0.33837E-02
   9.27000   0.32568E-02
   9.28000   0.31382E-02
   9.29000   0.30267E-02
   9.30000   0.29220E-02
   9.31000   0.28236E-02
   9.32000   0.27305E-02
   9.33000   0.26408E-02
   9.34000   0.25538E-02
   9.35000   0.24700E-02
   9.36000   0.23880E-02
   9.37000   0.23053E-02
   9.38000   0.22229E-02
   9.39000   0.21397E-02
   9.40000   0.20524E-02
   9.41000   0.19635E-02
   9.42000   0.18673E-02
   9.43000   0.17667E-02
   9.44000   0.16572E-02
   9.45000   0.15371E-02
   9.46000   0.14056E-02
   9.47000   0.12607E-02
   9.48000   0.10964E-02
   9.49000   0.91346E-03
   9.50000   0.70678E-03
   9.51000   0.47228E-03
   9.52000   0.20567E-03
   9.53000   0.12358E-10
   9.54000   0.12047E-10
   9.55000   0.12268E-10
   9.56000   0.13847E-10
   9.57000   0.13903E-10
   9.58000   0.14710E-10
   9.59000   0.17125E-10
   9.60000   0.19825E-10
   9.61000   0.21075E-10
   9.62000   0.25765E-10
   9.63000   0.26354E-10
   9.64000   0.29458E-10
   9.65000   0.35729E-10
   9.66000   0.33244E-10
   9.67000   0.46180E-10
   9.68000   0.47755E-10
   9.69000   0.51590E-10
   9.70000   0.58134E-10
   9.71000   0.68249E-10
   9.72000   0.83418E-10
   9.73000   0.10611E-09
   9.74000   0.14051E-09
   9.75000   0.19379E-09
   9.76000   0.18045E-09
   9.77000   0.26922E-09
   9.78000   0.42137E-09
   9.79000   0.43994E-09
   9.80000   0.76577E-09
   9.81000   0.89420E-09
   9.82000   0.18239E-08
   9.83000   0.26037E-08
   9.84000   0.73523E-08
   9.85000   0.18866E-07
   9.86000   0.33469E-06
   9.87000   0.13691E-06
   9.88000   0.17371E-07
   9.89000   0.10174E-07
   9.90000   0.49596E-08
   9.91000   0.28779E-08
   9.92000   0.32036E-08
   9.93000   0.22674E-08
   9.94000   0.17128E-08
   9.95000   0.23872E-08
   9.96000   0.20223E-08
   9.97000   0.18058E-08
   9.98000   0.30204E-08
   9.99000   0.30600E-08
  10.00000   0.33606E-08
  10.01000   0.41215E-08
  10.02000   0.10826E-07
  10.03000   0.21896E-07
  10.04000   0.11485E-06
  10.05000   0.26986E-06
  10.06000   0.15695E-07
  10.07000   0.78535E-08
  10.08000   0.32000E-08
  10.09000   0.15838E-08
  10.10000   0.88170E-09
  10.11000   0.53200E-09
  10.12000   0.64227E-09
  10.13000   0.43320E-09
  10.14000   0.30385E-09
  10.15000   0.22042E-09
  10.16000   0.16474E-09
  10.17000   0.24309E-09
  10.18000   0.19216E-09
  10.19000   0.15558E-09
  10.20000   0.12889E-09
  10.21000   0.10922E-09
  10.22000   0.94656E-10
  10.23000   0.83901E-10
  10.24000   0.14997E-09
  10.25000   0.13974E-09
  10.26000   0.13342E-09
  10.27000   0.13071E-09
  10.28000   0.13159E-09
  10.29000   0.13641E-09
  10.30000   0.14602E-09
  10.31000   0.32672E-09
  10.32000   0.37843E-09
  10.33000   0.45924E-09
  10.34000   0.58931E-09
  10.35000   0.81071E-09
  10.36000   0.12223E-08
  10.37000   0.20990E-08
  10.38000   0.44421E-08
  10.39000   0.14268E-07
  10.40000   0.43338E-06
  10.41000   0.19421E-06
  10.42000   0.35016E-07
  10.43000   0.17782E-07
  10.44000   0.13770E-07
  10.45000   0.14891E-07
  10.46000   0.25224E-07
  10.47000   0.14769E-06
  10.48000   0.10300E-06
  10.49000   0.81339E-08
  10.50000   0.21538E-08
  10.51000   0.17727E-08
  10.52000   0.82825E-09
  10.53000   0.43580E-09
  10.54000   0.24897E-09
  10.55000   0.15117E-09
  10.56000   0.96234E-10
  10.57000   0.63634E-10
  10.58000   0.43415E-10
  10.59000   0.30409E-10
  10.60000   0.21784E-10
  10.61000   0.15911E-10
  10.62000   0.11822E-10
  10.63000   0.19645E-10
  10.64000   0.15053E-10
  10.65000   0.11674E-10
  10.66000   0.91524E-11
  10.67000   0.72469E-11
  10.68000   0.57903E-11
  10.69000   0.46651E-11
  10.70000   0.37875E-11
  10.71000   0.30971E-11
  10.72000   0.25494E-11
  10.73000   0.21117E-11
  10.74000   0.17593E-11
  10.75000   0.14739E-11
  10.76000   0.12413E-11
  10.77000   0.10506E-11
  10.78000   0.20352E-11
  10.79000   0.17423E-11
  10.80000   0.14981E-11
  10.81000   0.12936E-11
  10.82000   0.11216E-11
  10.83000   0.97639E-12
  10.84000   0.85333E-12
  10.85000   0.74868E-12
  10.86000   0.65938E-12
  10.87000   0.58294E-12
  10.88000   0.51731E-12
  10.89000   0.46081E-12
  10.90000   0.41204E-12
  10.91000   0.36983E-12
  10.92000   0.33322E-12
  10.93000   0.30141E-12
  10.94000   0.27372E-12
  10.95000   0.24956E-12
  10.96000   0.53909E-12
  10.97000   0.49648E-12
  10.98000   0.45917E-12
  10.99000   0.42651E-12
  11.00000   0.39791E-12
  11.01000   0.37290E-12
  11.02000   0.35107E-12
  11.03000   0.33205E-12
  11.04000   0.31556E-12
  11.05000   0.30134E-12
  11.06000   0.28916E-12
  11.07000   0.27886E-12
  11.08000   0.27027E-12
  11.09000   0.26327E-12
  11.10000   0.25777E-12
  11.11000   0.25368E-12
  11.12000   0.25095E-12
  11.13000   0.24954E-12
  11.14000   0.24943E-12
  11.15000   0.25063E-12
  11.16000   0.25317E-12
  11.17000   0.25708E-12
  11.18000   0.26244E-12
  11.19000   0.66106E-12
  11.20000   0.68324E-12
  11.21000   0.71002E-12
  11.22000   0.74194E-12
  11.23000   0.77969E-12
  11.24000   0.82409E-12
  11.25000   0.87619E-12
  11.26000   0.93728E-12
  11.27000   0.10090E-11
  11.28000   0.10934E-11
  11.29000   0.11930E-11
  11.30000   0.13111E-11
  11.31000   0.14521E-11
  11.32000   0.16215E-11
  11.33000   0.18266E-11
  11.34000   0.20773E-11
  11.35000   0.23868E-11
  11.36000   0.27737E-11
  11.37000   0.32638E-11
  11.38000   0.38942E-11
  11.39000   0.47197E-11
  11.40000   0.58229E-11
  11.41000   0.73326E-11
  11.42000   0.94574E-11
  11.43000   0.12550E-10
  11.44000   0.17237E-10
  11.45000   0.24715E-10
  11.46000   0.37451E-10
  11.47000   0.15635E-09
  11.48000   0.28454E-09
  11.49000   0.61417E-09
  11.50000   0.18335E-08
  11.51000   0.13933E-07
  11.52000   0.59233E-07
  11.53000   0.49617E-08
  11.54000   0.21446E-08
  11.55000   0.14684E-08
  11.56000   0.13227E-08
  11.57000   0.15287E-08
  11.58000   0.24710E-08
  11.59000   0.84312E-08
  11.60000   0.18325E-06
  11.61000   0.25504E-08
  11.62000   0.57371E-09
  11.63000   0.21356E-09
  11.64000   0.99823E-10
  11.65000   0.53296E-10
  11.66000   0.31093E-10
  11.67000   0.19345E-10
  11.68000   0.12649E-10
  11.69000   0.86159E-11
  11.70000   0.60882E-11
  11.71000   0.44676E-11
  11.72000   0.34387E-11
  11.73000   0.28557E-11
  11.74000   0.27269E-11
  11.75000   0.33517E-11
  11.76000   0.60514E-11
  11.77000   0.17832E-10
  11.78000   0.10578E-09
  11.79000   0.37890E-08
  11.80000   0.19265E-06
  11.81000   0.28615E-09
  11.82000   0.27895E-10
  11.83000   0.65180E-11
  11.84000   0.61660E-11
  11.85000   0.28200E-11
  11.86000   0.15361E-11
  11.87000   0.94857E-12
  11.88000   0.64166E-12
  11.89000   0.46382E-12
  11.90000   0.35190E-12
  11.91000   0.27666E-12
  11.92000   0.22335E-12
  11.93000   0.18398E-12
  11.94000   0.15393E-12
  11.95000   0.13037E-12
  11.96000   0.11153E-12
  11.97000   0.96186E-13
  11.98000   0.83528E-13
  11.99000   0.72964E-13
  12.00000   0.64064E-13
  12.01000   0.56503E-13
  12.02000   0.50037E-13
  12.03000   0.44473E-13
  12.04000   0.39659E-13
  12.05000   0.35475E-13
  12.06000   0.31823E-13
  12.07000   0.28623E-13
  12.08000   0.25809E-13
  12.09000   0.23326E-13
  12.10000   0.21129E-13
  12.11000   0.19180E-13
  12.12000   0.17445E-13
  12.13000   0.15897E-13
  12.14000   0.14514E-13
  12.15000   0.13274E-13
  12.16000   0.12160E-13
  12.17000   0.11158E-13
  12.18000   0.10255E-13
  12.19000   0.94386E-14
  12.20000   0.87000E-14
  12.21000   0.80305E-14
  12.22000   0.74226E-14
  12.23000   0.68697E-14
  12.24000   0.63661E-14
  12.25000   0.59067E-14
  12.26000   0.54870E-14
  12.27000   0.51030E-14
  12.28000   0.47512E-14
  12.29000   0.44285E-14
  12.30000   0.41320E-14
  12.31000   0.38594E-14
  12.32000   0.36084E-14
  12.33000   0.93184E-14
  12.34000   0.87325E-14
  12.35000   0.81908E-14
  12.36000   0.76895E-14
  12.37000   0.72250E-14
  12.38000   0.67943E-14
  12.39000   0.63945E-14
  12.40000   0.60230E-14
  12.41000   0.56775E-14
  12.42000   0.53558E-14
  12.43000   0.50560E-14
  12.44000   0.47765E-14
  12.45000   0.45155E-14
  12.46000   0.42717E-14
  12.47000   0.40438E-14
  12.48000   0.38305E-14
  12.49000   0.36307E-14
  12.50000   0.34435E-14
  12.51000   0.32679E-14
  12.52000   0.31031E-14
  12.53000   0.29484E-14
  12.54000   0.28029E-14
  12.55000   0.26660E-14
  12.56000   0.25372E-14
  12.57000   0.24159E-14
  12.58000   0.23016E-14
  12.59000   0.21937E-14
  12.60000   0.20920E-14
  12.61000   0.19960E-14
  12.62000   0.19052E-14
  12.63000   0.18194E-14
  12.64000   0.17383E-14
  12.65000   0.16615E-14
  12.66000   0.15888E-14
  12.67000   0.15200E-14
  12.68000   0.14547E-14
  12.69000   0.13928E-14
  12.70000   0.13341E-14
  12.71000   0.12783E-14
  12.72000   0.12254E-14
  12.73000   0.11750E-14
  12.74000   0.11272E-14
  12.75000   0.10817E-14
  12.76000   0.10385E-14
  12.77000   0.99726E-15
  12.78000   0.95803E-15
  12.79000   0.92066E-15
  12.80000   0.88504E-15
  12.81000   0.85108E-15
  12.82000   0.81869E-15
  12.83000   0.78778E-15
  12.84000   0.75827E-15
  12.85000   0.73010E-15
  12.86000   0.70318E-15
  12.87000   0.67746E-15
  12.88000   0.65287E-15
  12.89000   0.62936E-15
  12.90000   0.60686E-15
  12.91000   0.58533E-15
  12.92000   0.56473E-15
  12.93000   0.54499E-15
  12.94000   0.52609E-15
  12.95000   0.50798E-15
  12.96000   0.49062E-15
  12.97000   0.47397E-15
  12.98000   0.45800E-15
  12.99000   0.44269E-15
  13.00000   0.12045E-14
  13.01000   0.11646E-14
  13.02000   0.11262E-14
  13.03000   0.10894E-14
  13.04000   0.10540E-14
  13.05000   0.10199E-14
  13.06000   0.98720E-15
  13.07000   0.95573E-15
  13.08000   0.92545E-15
  13.09000   0.89633E-15
  13.10000   0.86829E-15
  13.11000   0.84131E-15
  13.12000   0.81532E-15
  13.13000   0.79030E-15
  13.14000   0.76619E-15
  13.15000   0.74296E-15
  13.16000   0.72057E-15
  13.17000   0.69899E-15
  13.18000   0.67819E-15
  13.19000   0.65812E-15
  13.20000   0.63876E-15
  13.21000   0.62009E-15
  13.22000   0.60207E-15
  13.23000   0.58468E-15
  13.24000   0.56788E-15
  13.25000   0.55167E-15
  13.26000   0.53601E-15
  13.27000   0.52088E-15
  13.28000   0.50627E-15
  13.29000   0.49215E-15
  13.30000   0.47850E-15
  13.31000   0.46530E-15
  13.32000   0.45254E-15
  13.33000   0.44021E-15
  13.34000   0.42827E-15
  13.35000   0.41673E-15
  13.36000   0.40556E-15
  13.37000   0.39475E-15
  13.38000   0.38429E-15
  13.39000   0.37416E-15
  13.40000   0.36435E-15
  13.41000   0.35485E-15
  13.42000   0.34566E-15
  13.43000   0.33675E-15
  13.44000   0.32811E-15
  13.45000   0.31975E-15
  13.46000   0.31164E-15
  13.47000   0.30378E-15
  13.48000   0.29616E-15
  13.49000   0.28878E-15
  13.50000   0.28161E-15
  13.51000   0.27467E-15
  13.52000   0.26792E-15
  13.53000   0.26139E-15
  13.54000   0.25504E-15
  13.55000   0.24888E-15
  13.56000   0.24291E-15
  13.57000   0.23710E-15
  13.58000   0.23147E-15
  13.59000   0.22600E-15
  13.60000   0.22069E-15
  13.61000   0.21553E-15
  13.62000   0.21052E-15
  13.63000   0.20565E-15
  13.64000   0.20091E-15
  13.65000   0.19632E-15
  13.66000   0.19185E-15
  13.67000   0.18750E-15
  13.68000   0.18328E-15
  13.69000   0.17917E-15
  13.70000   0.17518E-15
  13.71000   0.17129E-15
  13.72000   0.16752E-15
  13.73000   0.16384E-15
  13.74000   0.16026E-15
  13.75000   0.15679E-15
  13.76000   0.15340E-15
  13.77000   0.15010E-15
  13.78000   0.14690E-15
  13.79000   0.14377E-15
  13.80000   0.14073E-15
  13.81000   0.13777E-15
  13.82000   0.13489E-15
  13.83000   0.13208E-15
  13.84000   0.12935E-15
  13.85000   0.12668E-15
  13.86000   0.12409E-15
  13.87000   0.12156E-15
  13.88000   0.11909E-15
  13.89000   0.11669E-15
  13.90000   0.11435E-15
  13.91000   0.11207E-15
  13.92000   0.10984E-15
  13.93000   0.10767E-15
  13.94000   0.10555E-15
  13.95000   0.10349E-15
  13.96000   0.10148E-15
  13.97000   0.27519E-15
  13.98000   0.26967E-15
  13.99000   0.26428E-15
  14.00000   0.25902E-15
  14.01000   0.25389E-15
  14.02000   0.24888E-15
  14.03000   0.24400E-15
  14.04000   0.23923E-15
  14.05000   0.23458E-15
  14.06000   0.23004E-15
  14.07000   0.22561E-15
  14.08000   0.22128E-15
  14.09000   0.21705E-15
  14.10000   0.21293E-15
  14.11000   0.20890E-15
  14.12000   0.20496E-15
  14.13000   0.20112E-15
  14.14000   0.19737E-15
  14.15000   0.19370E-15
  14.16000   0.19012E-15
  14.17000   0.18662E-15
  14.18000   0.18320E-15
  14.19000   0.17985E-15
  14.20000   0.17659E-15
  14.21000   0.17339E-15
  14.22000   0.17027E-15
  14.23000   0.16722E-15
  14.24000   0.16424E-15
  14.25000   0.16132E-15
  14.26000   0.15847E-15
  14.27000   0.15568E-15
  14.28000   0.15295E-15
  14.29000   0.15029E-15
  14.30000   0.14768E-15
  14.31000   0.14513E-15
  14.32000   0.14263E-15
  14.33000   0.14019E-15
  14.34000   0.13780E-15
  14.35000   0.13546E-15
  14.36000   0.13317E-15
  14.37000   0.13093E-15
  14.38000   0.12874E-15
  14.39000   0.12660E-15
  14.40000   0.12450E-15
  14.41000   0.12244E-15
  14.42000   0.12043E-15
  14.43000   0.11846E-15
  14.44000   0.11653E-15
  14.45000   0.11464E-15
  14.46000   0.11279E-15
  14.47000   0.11098E-15
  14.48000   0.10920E-15
  14.49000   0.10746E-15
  14.50000   0.10576E-15
  14.51000   0.10409E-15
  14.52000   0.10246E-15
  14.53000   0.10086E-15
  14.54000   0.99286E-16
  14.55000   0.97748E-16
  14.56000   0.96241E-16
  14.57000   0.94763E-16
  14.58000   0.93316E-16
  14.59000   0.91896E-16
  14.60000   0.90505E-16
  14.61000   0.89141E-16
  14.62000   0.87804E-16
  14.63000   0.86493E-16
  14.64000   0.85207E-16
  14.65000   0.83946E-16
  14.66000   0.82710E-16
  14.67000   0.81497E-16
  14.68000   0.80307E-16
  14.69000   0.79141E-16
  14.70000   0.77996E-16
  14.71000   0.76874E-16
  14.72000   0.75772E-16
  14.73000   0.74691E-16
  14.74000   0.73631E-16
  14.75000   0.72590E-16
  14.76000   0.71569E-16
  14.77000   0.70567E-16
  14.78000   0.69583E-16
  14.79000   0.68618E-16
  14.80000   0.67670E-16
  14.81000   0.66739E-16
  14.82000   0.65826E-16
  14.83000   0.64929E-16
  14.84000   0.64049E-16
  14.85000   0.63185E-16
  14.86000   0.62336E-16
  14.87000   0.61502E-16
  14.88000   0.60683E-16
  14.89000   0.59879E-16
  14.90000   0.59089E-16
  14.91000   0.58314E-16
  14.92000   0.57551E-16
  14.93000   0.56803E-16
  14.94000   0.56067E-16
  14.95000   0.55345E-16
  14.96000   0.54635E-16
  14.97000   0.53937E-16
  14.98000   0.53251E-16
  14.99000   0.52577E-16
  15.00000   0.51915E-16
    
