  -3.00000   0.23280E+00
  -2.99000   0.23840E+00
  -2.98000   0.24437E+00
  -2.97000   0.25078E+00
  -2.96000   0.25767E+00
  -2.95000   0.26513E+00
  -2.94000   0.27320E+00
  -2.93000   0.28196E+00
  -2.92000   0.29147E+00
  -2.91000   0.30181E+00
  -2.90000   0.31303E+00
  -2.89000   0.32520E+00
  -2.88000   0.33836E+00
  -2.87000   0.35254E+00
  -2.86000   0.36775E+00
  -2.85000   0.38399E+00
  -2.84000   0.40119E+00
  -2.83000   0.41929E+00
  -2.82000   0.43816E+00
  -2.81000   0.45764E+00
  -2.80000   0.47754E+00
  -2.79000   0.49760E+00
  -2.78000   0.51751E+00
  -2.77000   0.53692E+00
  -2.76000   0.55541E+00
  -2.75000   0.57259E+00
  -2.74000   0.58808E+00
  -2.73000   0.60161E+00
  -2.72000   0.61303E+00
  -2.71000   0.62229E+00
  -2.70000   0.62938E+00
  -2.69000   0.63434E+00
  -2.68000   0.63725E+00
  -2.67000   0.63822E+00
  -2.66000   0.63738E+00
  -2.65000   0.63493E+00
  -2.64000   0.63104E+00
  -2.63000   0.62596E+00
  -2.62000   0.61989E+00
  -2.61000   0.61308E+00
  -2.60000   0.60573E+00
  -2.59000   0.59805E+00
  -2.58000   0.59024E+00
  -2.57000   0.58245E+00
  -2.56000   0.57482E+00
  -2.55000   0.56748E+00
  -2.54000   0.56051E+00
  -2.53000   0.55401E+00
  -2.52000   0.54801E+00
  -2.51000   0.54257E+00
  -2.50000   0.53771E+00
  -2.49000   0.53345E+00
  -2.48000   0.52980E+00
  -2.47000   0.52675E+00
  -2.46000   0.52431E+00
  -2.45000   0.52247E+00
  -2.44000   0.52122E+00
  -2.43000   0.52055E+00
  -2.42000   0.52046E+00
  -2.41000   0.52095E+00
  -2.40000   0.52201E+00
  -2.39000   0.52365E+00
  -2.38000   0.52588E+00
  -2.37000   0.52870E+00
  -2.36000   0.53215E+00
  -2.35000   0.53624E+00
  -2.34000   0.54102E+00
  -2.33000   0.54653E+00
  -2.32000   0.55281E+00
  -2.31000   0.55995E+00
  -2.30000   0.56800E+00
  -2.29000   0.57708E+00
  -2.28000   0.58728E+00
  -2.27000   0.59875E+00
  -2.26000   0.61163E+00
  -2.25000   0.62610E+00
  -2.24000   0.64237E+00
  -2.23000   0.66068E+00
  -2.22000   0.68128E+00
  -2.21000   0.70444E+00
  -2.20000   0.73042E+00
  -2.19000   0.75945E+00
  -2.18000   0.79169E+00
  -2.17000   0.82716E+00
  -2.16000   0.86570E+00
  -2.15000   0.90689E+00
  -2.14000   0.95006E+00
  -2.13000   0.99424E+00
  -2.12000   0.10383E+01
  -2.11000   0.10809E+01
  -2.10000   0.11208E+01
  -2.09000   0.11569E+01
  -2.08000   0.11884E+01
  -2.07000   0.12146E+01
  -2.06000   0.12353E+01
  -2.05000   0.12506E+01
  -2.04000   0.12606E+01
  -2.03000   0.12659E+01
  -2.02000   0.12668E+01
  -2.01000   0.12642E+01
  -2.00000   0.12586E+01
  -1.99000   0.12510E+01
  -1.98000   0.12420E+01
  -1.97000   0.12325E+01
  -1.96000   0.12232E+01
  -1.95000   0.12148E+01
  -1.94000   0.12079E+01
  -1.93000   0.12029E+01
  -1.92000   0.12001E+01
  -1.91000   0.11999E+01
  -1.90000   0.12022E+01
  -1.89000   0.12071E+01
  -1.88000   0.12145E+01
  -1.87000   0.12246E+01
  -1.86000   0.12373E+01
  -1.85000   0.12528E+01
  -1.84000   0.12714E+01
  -1.83000   0.12932E+01
  -1.82000   0.13187E+01
  -1.81000   0.13480E+01
  -1.80000   0.13814E+01
  -1.79000   0.14186E+01
  -1.78000   0.14593E+01
  -1.77000   0.15026E+01
  -1.76000   0.15469E+01
  -1.75000   0.15903E+01
  -1.74000   0.16302E+01
  -1.73000   0.16637E+01
  -1.72000   0.16878E+01
  -1.71000   0.17003E+01
  -1.70000   0.17000E+01
  -1.69000   0.16871E+01
  -1.68000   0.16635E+01
  -1.67000   0.16320E+01
  -1.66000   0.15963E+01
  -1.65000   0.15598E+01
  -1.64000   0.15254E+01
  -1.63000   0.14951E+01
  -1.62000   0.14702E+01
  -1.61000   0.14512E+01
  -1.60000   0.14379E+01
  -1.59000   0.14299E+01
  -1.58000   0.14264E+01
  -1.57000   0.14268E+01
  -1.56000   0.14302E+01
  -1.55000   0.14358E+01
  -1.54000   0.14431E+01
  -1.53000   0.14515E+01
  -1.52000   0.14605E+01
  -1.51000   0.14700E+01
  -1.50000   0.14798E+01
  -1.49000   0.14899E+01
  -1.48000   0.15004E+01
  -1.47000   0.15117E+01
  -1.46000   0.15240E+01
  -1.45000   0.15379E+01
  -1.44000   0.15540E+01
  -1.43000   0.15728E+01
  -1.42000   0.15951E+01
  -1.41000   0.16219E+01
  -1.40000   0.16540E+01
  -1.39000   0.16925E+01
  -1.38000   0.17382E+01
  -1.37000   0.17919E+01
  -1.36000   0.18545E+01
  -1.35000   0.19273E+01
  -1.34000   0.20116E+01
  -1.33000   0.21094E+01
  -1.32000   0.22222E+01
  -1.31000   0.23504E+01
  -1.30000   0.24896E+01
  -1.29000   0.26256E+01
  -1.28000   0.27338E+01
  -1.27000   0.27875E+01
  -1.26000   0.27706E+01
  -1.25000   0.26794E+01
  -1.24000   0.25170E+01
  -1.23000   0.22972E+01
  -1.22000   0.20528E+01
  -1.21000   0.18253E+01
  -1.20000   0.16405E+01
  -1.19000   0.15036E+01
  -1.18000   0.14094E+01
  -1.17000   0.13518E+01
  -1.16000   0.13261E+01
  -1.15000   0.13304E+01
  -1.14000   0.13646E+01
  -1.13000   0.14301E+01
  -1.12000   0.15297E+01
  -1.11000   0.16655E+01
  -1.10000   0.18373E+01
  -1.09000   0.20361E+01
  -1.08000   0.22365E+01
  -1.07000   0.23894E+01
  -1.06000   0.24353E+01
  -1.05000   0.23450E+01
  -1.04000   0.21513E+01
  -1.03000   0.19247E+01
  -1.02000   0.17221E+01
  -1.01000   0.15682E+01
  -1.00000   0.14655E+01
  -0.99000   0.14105E+01
  -0.98000   0.14059E+01
  -0.97000   0.14703E+01
  -0.96000   0.16283E+01
  -0.95000   0.18298E+01
  -0.94000   0.19243E+01
  -0.93000   0.18368E+01
  -0.92000   0.15917E+01
  -0.91000   0.13465E+01
  -0.90000   0.11991E+01
  -0.89000   0.11187E+01
  -0.88000   0.10683E+01
  -0.87000   0.10302E+01
  -0.86000   0.99742E+00
  -0.85000   0.96714E+00
  -0.84000   0.93818E+00
  -0.83000   0.91007E+00
  -0.82000   0.88265E+00
  -0.81000   0.85589E+00
  -0.80000   0.82984E+00
  -0.79000   0.80460E+00
  -0.78000   0.78027E+00
  -0.77000   0.75695E+00
  -0.76000   0.73474E+00
  -0.75000   0.71373E+00
  -0.74000   0.69398E+00
  -0.73000   0.67553E+00
  -0.72000   0.65840E+00
  -0.71000   0.64258E+00
  -0.70000   0.62802E+00
  -0.69000   0.61467E+00
  -0.68000   0.60247E+00
  -0.67000   0.59135E+00
  -0.66000   0.58125E+00
  -0.65000   0.57208E+00
  -0.64000   0.56379E+00
  -0.63000   0.55630E+00
  -0.62000   0.54958E+00
  -0.61000   0.54356E+00
  -0.60000   0.53819E+00
  -0.59000   0.53345E+00
  -0.58000   0.52928E+00
  -0.57000   0.52565E+00
  -0.56000   0.52254E+00
  -0.55000   0.51991E+00
  -0.54000   0.51775E+00
  -0.53000   0.51602E+00
  -0.52000   0.51471E+00
  -0.51000   0.51379E+00
  -0.50000   0.51327E+00
  -0.49000   0.51310E+00
  -0.48000   0.51330E+00
  -0.47000   0.51384E+00
  -0.46000   0.51471E+00
  -0.45000   0.51591E+00
  -0.44000   0.51742E+00
  -0.43000   0.51925E+00
  -0.42000   0.52137E+00
  -0.41000   0.52379E+00
  -0.40000   0.52649E+00
  -0.39000   0.52949E+00
  -0.38000   0.53277E+00
  -0.37000   0.53632E+00
  -0.36000   0.54016E+00
  -0.35000   0.54426E+00
  -0.34000   0.54863E+00
  -0.33000   0.55328E+00
  -0.32000   0.55819E+00
  -0.31000   0.56336E+00
  -0.30000   0.56880E+00
  -0.29000   0.57451E+00
  -0.28000   0.58047E+00
  -0.27000   0.58670E+00
  -0.26000   0.59318E+00
  -0.25000   0.59993E+00
  -0.24000   0.60694E+00
  -0.23000   0.61421E+00
  -0.22000   0.62173E+00
  -0.21000   0.62951E+00
  -0.20000   0.63755E+00
  -0.19000   0.64584E+00
  -0.18000   0.65439E+00
  -0.17000   0.66319E+00
  -0.16000   0.67224E+00
  -0.15000   0.68154E+00
  -0.14000   0.69108E+00
  -0.13000   0.70087E+00
  -0.12000   0.71090E+00
  -0.11000   0.72116E+00
  -0.10000   0.73166E+00
  -0.09000   0.74239E+00
  -0.08000   0.75333E+00
  -0.07000   0.76450E+00
  -0.06000   0.77588E+00
  -0.05000   0.78746E+00
  -0.04000   0.79923E+00
  -0.03000   0.81120E+00
  -0.02000   0.82335E+00
  -0.01000   0.83566E+00
   0.00000   0.84814E+00
   0.01000   0.86077E+00
   0.02000   0.87353E+00
   0.03000   0.88642E+00
   0.04000   0.89943E+00
   0.05000   0.91253E+00
   0.06000   0.92572E+00
   0.07000   0.93898E+00
   0.08000   0.95229E+00
   0.09000   0.96564E+00
   0.10000   0.97902E+00
   0.11000   0.99241E+00
   0.12000   0.10058E+01
   0.13000   0.10191E+01
   0.14000   0.10324E+01
   0.15000   0.10457E+01
   0.16000   0.10589E+01
   0.17000   0.10719E+01
   0.18000   0.10849E+01
   0.19000   0.10977E+01
   0.20000   0.11104E+01
   0.21000   0.11230E+01
   0.22000   0.11353E+01
   0.23000   0.11475E+01
   0.24000   0.11595E+01
   0.25000   0.11713E+01
   0.26000   0.11828E+01
   0.27000   0.11941E+01
   0.28000   0.12051E+01
   0.29000   0.12160E+01
   0.30000   0.12265E+01
   0.31000   0.12368E+01
   0.32000   0.12468E+01
   0.33000   0.12565E+01
   0.34000   0.12659E+01
   0.35000   0.12751E+01
   0.36000   0.12840E+01
   0.37000   0.12926E+01
   0.38000   0.13009E+01
   0.39000   0.13089E+01
   0.40000   0.13167E+01
   0.41000   0.13241E+01
   0.42000   0.13313E+01
   0.43000   0.13382E+01
   0.44000   0.13449E+01
   0.45000   0.13512E+01
   0.46000   0.13573E+01
   0.47000   0.13632E+01
   0.48000   0.13688E+01
   0.49000   0.13741E+01
   0.50000   0.13792E+01
   0.51000   0.13841E+01
   0.52000   0.13887E+01
   0.53000   0.13930E+01
   0.54000   0.13971E+01
   0.55000   0.14010E+01
   0.56000   0.14046E+01
   0.57000   0.14080E+01
   0.58000   0.14112E+01
   0.59000   0.14141E+01
   0.60000   0.14169E+01
   0.61000   0.14193E+01
   0.62000   0.14215E+01
   0.63000   0.14235E+01
   0.64000   0.14253E+01
   0.65000   0.14268E+01
   0.66000   0.14281E+01
   0.67000   0.14291E+01
   0.68000   0.14299E+01
   0.69000   0.14305E+01
   0.70000   0.14308E+01
   0.71000   0.14309E+01
   0.72000   0.14307E+01
   0.73000   0.14302E+01
   0.74000   0.14296E+01
   0.75000   0.14286E+01
   0.76000   0.14274E+01
   0.77000   0.14260E+01
   0.78000   0.14243E+01
   0.79000   0.14224E+01
   0.80000   0.14202E+01
   0.81000   0.14178E+01
   0.82000   0.14152E+01
   0.83000   0.14123E+01
   0.84000   0.14091E+01
   0.85000   0.14058E+01
   0.86000   0.14022E+01
   0.87000   0.13984E+01
   0.88000   0.13943E+01
   0.89000   0.13901E+01
   0.90000   0.13856E+01
   0.91000   0.13809E+01
   0.92000   0.13761E+01
   0.93000   0.13710E+01
   0.94000   0.13658E+01
   0.95000   0.13604E+01
   0.96000   0.13548E+01
   0.97000   0.13490E+01
   0.98000   0.13431E+01
   0.99000   0.13371E+01
   1.00000   0.13309E+01
   1.01000   0.13246E+01
   1.02000   0.13182E+01
   1.03000   0.13116E+01
   1.04000   0.13050E+01
   1.05000   0.12982E+01
   1.06000   0.12914E+01
   1.07000   0.12844E+01
   1.08000   0.12775E+01
   1.09000   0.12704E+01
   1.10000   0.12633E+01
   1.11000   0.12562E+01
   1.12000   0.12490E+01
   1.13000   0.12417E+01
   1.14000   0.12345E+01
   1.15000   0.12272E+01
   1.16000   0.12200E+01
   1.17000   0.12127E+01
   1.18000   0.12055E+01
   1.19000   0.11982E+01
   1.20000   0.11910E+01
   1.21000   0.11838E+01
   1.22000   0.11766E+01
   1.23000   0.11695E+01
   1.24000   0.11624E+01
   1.25000   0.11554E+01
   1.26000   0.11484E+01
   1.27000   0.11414E+01
   1.28000   0.11346E+01
   1.29000   0.11278E+01
   1.30000   0.11211E+01
   1.31000   0.11144E+01
   1.32000   0.11078E+01
   1.33000   0.11014E+01
   1.34000   0.10950E+01
   1.35000   0.10886E+01
   1.36000   0.10824E+01
   1.37000   0.10763E+01
   1.38000   0.10703E+01
   1.39000   0.10643E+01
   1.40000   0.10585E+01
   1.41000   0.10528E+01
   1.42000   0.10471E+01
   1.43000   0.10416E+01
   1.44000   0.10362E+01
   1.45000   0.10309E+01
   1.46000   0.10257E+01
   1.47000   0.10206E+01
   1.48000   0.10156E+01
   1.49000   0.10108E+01
   1.50000   0.10060E+01
   1.51000   0.10013E+01
   1.52000   0.99681E+00
   1.53000   0.99239E+00
   1.54000   0.98807E+00
   1.55000   0.98387E+00
   1.56000   0.97979E+00
   1.57000   0.97581E+00
   1.58000   0.97195E+00
   1.59000   0.96820E+00
   1.60000   0.96456E+00
   1.61000   0.96103E+00
   1.62000   0.95762E+00
   1.63000   0.95431E+00
   1.64000   0.95112E+00
   1.65000   0.94804E+00
   1.66000   0.94506E+00
   1.67000   0.94220E+00
   1.68000   0.93945E+00
   1.69000   0.93680E+00
   1.70000   0.93427E+00
   1.71000   0.93184E+00
   1.72000   0.92953E+00
   1.73000   0.92732E+00
   1.74000   0.92522E+00
   1.75000   0.92322E+00
   1.76000   0.92134E+00
   1.77000   0.91956E+00
   1.78000   0.91789E+00
   1.79000   0.91633E+00
   1.80000   0.91487E+00
   1.81000   0.91353E+00
   1.82000   0.91229E+00
   1.83000   0.91116E+00
   1.84000   0.91013E+00
   1.85000   0.90922E+00
   1.86000   0.90841E+00
   1.87000   0.90772E+00
   1.88000   0.90713E+00
   1.89000   0.90666E+00
   1.90000   0.90629E+00
   1.91000   0.90603E+00
   1.92000   0.90589E+00
   1.93000   0.90586E+00
   1.94000   0.90595E+00
   1.95000   0.90614E+00
   1.96000   0.90646E+00
   1.97000   0.90689E+00
   1.98000   0.90743E+00
   1.99000   0.90810E+00
   2.00000   0.90888E+00
   2.01000   0.90979E+00
   2.02000   0.91082E+00
   2.03000   0.91197E+00
   2.04000   0.91325E+00
   2.05000   0.91465E+00
   2.06000   0.91618E+00
   2.07000   0.91784E+00
   2.08000   0.91963E+00
   2.09000   0.92155E+00
   2.10000   0.92361E+00
   2.11000   0.92580E+00
   2.12000   0.92813E+00
   2.13000   0.93060E+00
   2.14000   0.93320E+00
   2.15000   0.93595E+00
   2.16000   0.93885E+00
   2.17000   0.94189E+00
   2.18000   0.94507E+00
   2.19000   0.94841E+00
   2.20000   0.95190E+00
   2.21000   0.95553E+00
   2.22000   0.95932E+00
   2.23000   0.96327E+00
   2.24000   0.96737E+00
   2.25000   0.97162E+00
   2.26000   0.97604E+00
   2.27000   0.98061E+00
   2.28000   0.98534E+00
   2.29000   0.99023E+00
   2.30000   0.99528E+00
   2.31000   0.10005E+01
   2.32000   0.10059E+01
   2.33000   0.10114E+01
   2.34000   0.10171E+01
   2.35000   0.10229E+01
   2.36000   0.10289E+01
   2.37000   0.10350E+01
   2.38000   0.10413E+01
   2.39000   0.10478E+01
   2.40000   0.10544E+01
   2.41000   0.10611E+01
   2.42000   0.10680E+01
   2.43000   0.10750E+01
   2.44000   0.10822E+01
   2.45000   0.10894E+01
   2.46000   0.10968E+01
   2.47000   0.11043E+01
   2.48000   0.11119E+01
   2.49000   0.11196E+01
   2.50000   0.11274E+01
   2.51000   0.11353E+01
   2.52000   0.11432E+01
   2.53000   0.11512E+01
   2.54000   0.11593E+01
   2.55000   0.11674E+01
   2.56000   0.11755E+01
   2.57000   0.11837E+01
   2.58000   0.11918E+01
   2.59000   0.12000E+01
   2.60000   0.12082E+01
   2.61000   0.12163E+01
   2.62000   0.12244E+01
   2.63000   0.12324E+01
   2.64000   0.12404E+01
   2.65000   0.12483E+01
   2.66000   0.12561E+01
   2.67000   0.12638E+01
   2.68000   0.12714E+01
   2.69000   0.12788E+01
   2.70000   0.12862E+01
   2.71000   0.12934E+01
   2.72000   0.13004E+01
   2.73000   0.13073E+01
   2.74000   0.13140E+01
   2.75000   0.13206E+01
   2.76000   0.13269E+01
   2.77000   0.13331E+01
   2.78000   0.13391E+01
   2.79000   0.13449E+01
   2.80000   0.13505E+01
   2.81000   0.13559E+01
   2.82000   0.13612E+01
   2.83000   0.13662E+01
   2.84000   0.13711E+01
   2.85000   0.13757E+01
   2.86000   0.13802E+01
   2.87000   0.13845E+01
   2.88000   0.13887E+01
   2.89000   0.13927E+01
   2.90000   0.13966E+01
   2.91000   0.14003E+01
   2.92000   0.14039E+01
   2.93000   0.14073E+01
   2.94000   0.14107E+01
   2.95000   0.14139E+01
   2.96000   0.14171E+01
   2.97000   0.14202E+01
   2.98000   0.14233E+01
   2.99000   0.14263E+01
   3.00000   0.14292E+01
    
  -3.00000   0.25231E-01
  -2.99000   0.25089E-01
  -2.98000   0.24973E-01
  -2.97000   0.24882E-01
  -2.96000   0.24818E-01
  -2.95000   0.24779E-01
  -2.94000   0.24768E-01
  -2.93000   0.24784E-01
  -2.92000   0.24828E-01
  -2.91000   0.24900E-01
  -2.90000   0.25001E-01
  -2.89000   0.25134E-01
  -2.88000   0.25297E-01
  -2.87000   0.25493E-01
  -2.86000   0.25723E-01
  -2.85000   0.25990E-01
  -2.84000   0.26293E-01
  -2.83000   0.26637E-01
  -2.82000   0.27023E-01
  -2.81000   0.27454E-01
  -2.80000   0.27932E-01
  -2.79000   0.28461E-01
  -2.78000   0.29045E-01
  -2.77000   0.29687E-01
  -2.76000   0.30392E-01
  -2.75000   0.31163E-01
  -2.74000   0.32008E-01
  -2.73000   0.32932E-01
  -2.72000   0.33941E-01
  -2.71000   0.35043E-01
  -2.70000   0.36246E-01
  -2.69000   0.37559E-01
  -2.68000   0.38992E-01
  -2.67000   0.40556E-01
  -2.66000   0.42264E-01
  -2.65000   0.44129E-01
  -2.64000   0.46168E-01
  -2.63000   0.48398E-01
  -2.62000   0.50838E-01
  -2.61000   0.53509E-01
  -2.60000   0.56437E-01
  -2.59000   0.59649E-01
  -2.58000   0.63176E-01
  -2.57000   0.67052E-01
  -2.56000   0.71316E-01
  -2.55000   0.76011E-01
  -2.54000   0.81186E-01
  -2.53000   0.86896E-01
  -2.52000   0.93201E-01
  -2.51000   0.10017E+00
  -2.50000   0.10787E+00
  -2.49000   0.11639E+00
  -2.48000   0.12582E+00
  -2.47000   0.13626E+00
  -2.46000   0.14779E+00
  -2.45000   0.16054E+00
  -2.44000   0.17460E+00
  -2.43000   0.19009E+00
  -2.42000   0.20709E+00
  -2.41000   0.22571E+00
  -2.40000   0.24600E+00
  -2.39000   0.26799E+00
  -2.38000   0.29167E+00
  -2.37000   0.31697E+00
  -2.36000   0.34375E+00
  -2.35000   0.37179E+00
  -2.34000   0.40077E+00
  -2.33000   0.43030E+00
  -2.32000   0.45989E+00
  -2.31000   0.48899E+00
  -2.30000   0.51699E+00
  -2.29000   0.54328E+00
  -2.28000   0.56725E+00
  -2.27000   0.58836E+00
  -2.26000   0.60610E+00
  -2.25000   0.62010E+00
  -2.24000   0.63004E+00
  -2.23000   0.63574E+00
  -2.22000   0.63713E+00
  -2.21000   0.63424E+00
  -2.20000   0.62723E+00
  -2.19000   0.61640E+00
  -2.18000   0.60217E+00
  -2.17000   0.58509E+00
  -2.16000   0.56579E+00
  -2.15000   0.54499E+00
  -2.14000   0.52341E+00
  -2.13000   0.50174E+00
  -2.12000   0.48058E+00
  -2.11000   0.46044E+00
  -2.10000   0.44170E+00
  -2.09000   0.42460E+00
  -2.08000   0.40928E+00
  -2.07000   0.39577E+00
  -2.06000   0.38404E+00
  -2.05000   0.37400E+00
  -2.04000   0.36551E+00
  -2.03000   0.35842E+00
  -2.02000   0.35260E+00
  -2.01000   0.34788E+00
  -2.00000   0.34413E+00
  -1.99000   0.34121E+00
  -1.98000   0.33902E+00
  -1.97000   0.33746E+00
  -1.96000   0.33643E+00
  -1.95000   0.33589E+00
  -1.94000   0.33576E+00
  -1.93000   0.33602E+00
  -1.92000   0.33662E+00
  -1.91000   0.33755E+00
  -1.90000   0.33880E+00
  -1.89000   0.34036E+00
  -1.88000   0.34223E+00
  -1.87000   0.34442E+00
  -1.86000   0.34692E+00
  -1.85000   0.34976E+00
  -1.84000   0.35294E+00
  -1.83000   0.35648E+00
  -1.82000   0.36040E+00
  -1.81000   0.36471E+00
  -1.80000   0.36944E+00
  -1.79000   0.37460E+00
  -1.78000   0.38022E+00
  -1.77000   0.38632E+00
  -1.76000   0.39295E+00
  -1.75000   0.40012E+00
  -1.74000   0.40790E+00
  -1.73000   0.41631E+00
  -1.72000   0.42542E+00
  -1.71000   0.43527E+00
  -1.70000   0.44593E+00
  -1.69000   0.45745E+00
  -1.68000   0.46989E+00
  -1.67000   0.48330E+00
  -1.66000   0.49776E+00
  -1.65000   0.51331E+00
  -1.64000   0.53001E+00
  -1.63000   0.54789E+00
  -1.62000   0.56701E+00
  -1.61000   0.58739E+00
  -1.60000   0.60904E+00
  -1.59000   0.63199E+00
  -1.58000   0.65621E+00
  -1.57000   0.68169E+00
  -1.56000   0.70842E+00
  -1.55000   0.73634E+00
  -1.54000   0.76543E+00
  -1.53000   0.79567E+00
  -1.52000   0.82704E+00
  -1.51000   0.85957E+00
  -1.50000   0.89332E+00
  -1.49000   0.92844E+00
  -1.48000   0.96511E+00
  -1.47000   0.10036E+01
  -1.46000   0.10444E+01
  -1.45000   0.10879E+01
  -1.44000   0.11347E+01
  -1.43000   0.11852E+01
  -1.42000   0.12399E+01
  -1.41000   0.12991E+01
  -1.40000   0.13625E+01
  -1.39000   0.14294E+01
  -1.38000   0.14984E+01
  -1.37000   0.15671E+01
  -1.36000   0.16330E+01
  -1.35000   0.16934E+01
  -1.34000   0.17461E+01
  -1.33000   0.17899E+01
  -1.32000   0.18246E+01
  -1.31000   0.18510E+01
  -1.30000   0.18705E+01
  -1.29000   0.18844E+01
  -1.28000   0.18942E+01
  -1.27000   0.19009E+01
  -1.26000   0.19051E+01
  -1.25000   0.19073E+01
  -1.24000   0.19076E+01
  -1.23000   0.19061E+01
  -1.22000   0.19029E+01
  -1.21000   0.18984E+01
  -1.20000   0.18931E+01
  -1.19000   0.18882E+01
  -1.18000   0.18851E+01
  -1.17000   0.18856E+01
  -1.16000   0.18915E+01
  -1.15000   0.19044E+01
  -1.14000   0.19249E+01
  -1.13000   0.19519E+01
  -1.12000   0.19821E+01
  -1.11000   0.20104E+01
  -1.10000   0.20309E+01
  -1.09000   0.20387E+01
  -1.08000   0.20313E+01
  -1.07000   0.20085E+01
  -1.06000   0.19729E+01
  -1.05000   0.19286E+01
  -1.04000   0.18807E+01
  -1.03000   0.18341E+01
  -1.02000   0.17921E+01
  -1.01000   0.17567E+01
  -1.00000   0.17282E+01
  -0.99000   0.17060E+01
  -0.98000   0.16887E+01
  -0.97000   0.16748E+01
  -0.96000   0.16625E+01
  -0.95000   0.16504E+01
  -0.94000   0.16369E+01
  -0.93000   0.16210E+01
  -0.92000   0.16016E+01
  -0.91000   0.15784E+01
  -0.90000   0.15512E+01
  -0.89000   0.15203E+01
  -0.88000   0.14860E+01
  -0.87000   0.14492E+01
  -0.86000   0.14107E+01
  -0.85000   0.13715E+01
  -0.84000   0.13323E+01
  -0.83000   0.12940E+01
  -0.82000   0.12573E+01
  -0.81000   0.12227E+01
  -0.80000   0.11905E+01
  -0.79000   0.11612E+01
  -0.78000   0.11349E+01
  -0.77000   0.11117E+01
  -0.76000   0.10917E+01
  -0.75000   0.10750E+01
  -0.74000   0.10615E+01
  -0.73000   0.10514E+01
  -0.72000   0.10446E+01
  -0.71000   0.10411E+01
  -0.70000   0.10408E+01
  -0.69000   0.10438E+01
  -0.68000   0.10500E+01
  -0.67000   0.10594E+01
  -0.66000   0.10718E+01
  -0.65000   0.10871E+01
  -0.64000   0.11051E+01
  -0.63000   0.11256E+01
  -0.62000   0.11483E+01
  -0.61000   0.11729E+01
  -0.60000   0.11992E+01
  -0.59000   0.12270E+01
  -0.58000   0.12560E+01
  -0.57000   0.12863E+01
  -0.56000   0.13178E+01
  -0.55000   0.13510E+01
  -0.54000   0.13859E+01
  -0.53000   0.14233E+01
  -0.52000   0.14634E+01
  -0.51000   0.15070E+01
  -0.50000   0.15546E+01
  -0.49000   0.16067E+01
  -0.48000   0.16636E+01
  -0.47000   0.17258E+01
  -0.46000   0.17933E+01
  -0.45000   0.18661E+01
  -0.44000   0.19441E+01
  -0.43000   0.20269E+01
  -0.42000   0.21138E+01
  -0.41000   0.22041E+01
  -0.40000   0.22969E+01
  -0.39000   0.23909E+01
  -0.38000   0.24848E+01
  -0.37000   0.25770E+01
  -0.36000   0.26655E+01
  -0.35000   0.27484E+01
  -0.34000   0.28234E+01
  -0.33000   0.28884E+01
  -0.32000   0.29417E+01
  -0.31000   0.29820E+01
  -0.30000   0.30090E+01
  -0.29000   0.30235E+01
  -0.28000   0.30270E+01
  -0.27000   0.30218E+01
  -0.26000   0.30102E+01
  -0.25000   0.29946E+01
  -0.24000   0.29766E+01
  -0.23000   0.29577E+01
  -0.22000   0.29383E+01
  -0.21000   0.29186E+01
  -0.20000   0.28982E+01
  -0.19000   0.28763E+01
  -0.18000   0.28523E+01
  -0.17000   0.28255E+01
  -0.16000   0.27952E+01
  -0.15000   0.27611E+01
  -0.14000   0.27226E+01
  -0.13000   0.26787E+01
  -0.12000   0.26281E+01
  -0.11000   0.25690E+01
  -0.10000   0.25001E+01
  -0.09000   0.24223E+01
  -0.08000   0.23381E+01
  -0.07000   0.22516E+01
  -0.06000   0.21664E+01
  -0.05000   0.20853E+01
  -0.04000   0.20096E+01
  -0.03000   0.19395E+01
  -0.02000   0.18751E+01
  -0.01000   0.18160E+01
   0.00000   0.17619E+01
   0.01000   0.17124E+01
   0.02000   0.16672E+01
   0.03000   0.16261E+01
   0.04000   0.15887E+01
   0.05000   0.15549E+01
   0.06000   0.15243E+01
   0.07000   0.14969E+01
   0.08000   0.14723E+01
   0.09000   0.14505E+01
   0.10000   0.14312E+01
   0.11000   0.14142E+01
   0.12000   0.13993E+01
   0.13000   0.13865E+01
   0.14000   0.13756E+01
   0.15000   0.13664E+01
   0.16000   0.13587E+01
   0.17000   0.13524E+01
   0.18000   0.13475E+01
   0.19000   0.13437E+01
   0.20000   0.13410E+01
   0.21000   0.13391E+01
   0.22000   0.13381E+01
   0.23000   0.13377E+01
   0.24000   0.13378E+01
   0.25000   0.13384E+01
   0.26000   0.13392E+01
   0.27000   0.13403E+01
   0.28000   0.13414E+01
   0.29000   0.13426E+01
   0.30000   0.13436E+01
   0.31000   0.13443E+01
   0.32000   0.13449E+01
   0.33000   0.13450E+01
   0.34000   0.13447E+01
   0.35000   0.13439E+01
   0.36000   0.13426E+01
   0.37000   0.13407E+01
   0.38000   0.13383E+01
   0.39000   0.13352E+01
   0.40000   0.13314E+01
   0.41000   0.13271E+01
   0.42000   0.13221E+01
   0.43000   0.13164E+01
   0.44000   0.13101E+01
   0.45000   0.13032E+01
   0.46000   0.12957E+01
   0.47000   0.12876E+01
   0.48000   0.12790E+01
   0.49000   0.12698E+01
   0.50000   0.12601E+01
   0.51000   0.12500E+01
   0.52000   0.12396E+01
   0.53000   0.12289E+01
   0.54000   0.12180E+01
   0.55000   0.12072E+01
   0.56000   0.11965E+01
   0.57000   0.11860E+01
   0.58000   0.11757E+01
   0.59000   0.11656E+01
   0.60000   0.11555E+01
   0.61000   0.11448E+01
   0.62000   0.11328E+01
   0.63000   0.11185E+01
   0.64000   0.11009E+01
   0.65000   0.10793E+01
   0.66000   0.10538E+01
   0.67000   0.10250E+01
   0.68000   0.99404E+00
   0.69000   0.96247E+00
   0.70000   0.93179E+00
   0.71000   0.90313E+00
   0.72000   0.87727E+00
   0.73000   0.85465E+00
   0.74000   0.83541E+00
   0.75000   0.81950E+00
   0.76000   0.80677E+00
   0.77000   0.79695E+00
   0.78000   0.78983E+00
   0.79000   0.78519E+00
   0.80000   0.78277E+00
   0.81000   0.78239E+00
   0.82000   0.78385E+00
   0.83000   0.78701E+00
   0.84000   0.79173E+00
   0.85000   0.79789E+00
   0.86000   0.80537E+00
   0.87000   0.81409E+00
   0.88000   0.82397E+00
   0.89000   0.83492E+00
   0.90000   0.84688E+00
   0.91000   0.85981E+00
   0.92000   0.87362E+00
   0.93000   0.88828E+00
   0.94000   0.90374E+00
   0.95000   0.91995E+00
   0.96000   0.93686E+00
   0.97000   0.95443E+00
   0.98000   0.97262E+00
   0.99000   0.99139E+00
   1.00000   0.10107E+01
   1.01000   0.10305E+01
   1.02000   0.10508E+01
   1.03000   0.10714E+01
   1.04000   0.10925E+01
   1.05000   0.11139E+01
   1.06000   0.11356E+01
   1.07000   0.11575E+01
   1.08000   0.11797E+01
   1.09000   0.12021E+01
   1.10000   0.12246E+01
   1.11000   0.12472E+01
   1.12000   0.12699E+01
   1.13000   0.12927E+01
   1.14000   0.13155E+01
   1.15000   0.13383E+01
   1.16000   0.13611E+01
   1.17000   0.13838E+01
   1.18000   0.14064E+01
   1.19000   0.14289E+01
   1.20000   0.14513E+01
   1.21000   0.14735E+01
   1.22000   0.14955E+01
   1.23000   0.15173E+01
   1.24000   0.15389E+01
   1.25000   0.15603E+01
   1.26000   0.15813E+01
   1.27000   0.16020E+01
   1.28000   0.16224E+01
   1.29000   0.16424E+01
   1.30000   0.16619E+01
   1.31000   0.16811E+01
   1.32000   0.16997E+01
   1.33000   0.17179E+01
   1.34000   0.17355E+01
   1.35000   0.17525E+01
   1.36000   0.17689E+01
   1.37000   0.17847E+01
   1.38000   0.17998E+01
   1.39000   0.18141E+01
   1.40000   0.18277E+01
   1.41000   0.18406E+01
   1.42000   0.18526E+01
   1.43000   0.18639E+01
   1.44000   0.18743E+01
   1.45000   0.18838E+01
   1.46000   0.18925E+01
   1.47000   0.19003E+01
   1.48000   0.19072E+01
   1.49000   0.19132E+01
   1.50000   0.19184E+01
   1.51000   0.19226E+01
   1.52000   0.19259E+01
   1.53000   0.19284E+01
   1.54000   0.19299E+01
   1.55000   0.19306E+01
   1.56000   0.19304E+01
   1.57000   0.19294E+01
   1.58000   0.19276E+01
   1.59000   0.19250E+01
   1.60000   0.19215E+01
   1.61000   0.19173E+01
   1.62000   0.19124E+01
   1.63000   0.19067E+01
   1.64000   0.19003E+01
   1.65000   0.18932E+01
   1.66000   0.18855E+01
   1.67000   0.18772E+01
   1.68000   0.18682E+01
   1.69000   0.18587E+01
   1.70000   0.18486E+01
   1.71000   0.18381E+01
   1.72000   0.18270E+01
   1.73000   0.18155E+01
   1.74000   0.18035E+01
   1.75000   0.17911E+01
   1.76000   0.17784E+01
   1.77000   0.17653E+01
   1.78000   0.17519E+01
   1.79000   0.17382E+01
   1.80000   0.17242E+01
   1.81000   0.17100E+01
   1.82000   0.16957E+01
   1.83000   0.16811E+01
   1.84000   0.16664E+01
   1.85000   0.16516E+01
   1.86000   0.16366E+01
   1.87000   0.16216E+01
   1.88000   0.16066E+01
   1.89000   0.15915E+01
   1.90000   0.15764E+01
   1.91000   0.15614E+01
   1.92000   0.15464E+01
   1.93000   0.15314E+01
   1.94000   0.15165E+01
   1.95000   0.15018E+01
   1.96000   0.14871E+01
   1.97000   0.14725E+01
   1.98000   0.14581E+01
   1.99000   0.14439E+01
   2.00000   0.14298E+01
   2.01000   0.14159E+01
   2.02000   0.14022E+01
   2.03000   0.13887E+01
   2.04000   0.13754E+01
   2.05000   0.13622E+01
   2.06000   0.13494E+01
   2.07000   0.13367E+01
   2.08000   0.13243E+01
   2.09000   0.13120E+01
   2.10000   0.13001E+01
   2.11000   0.12883E+01
   2.12000   0.12768E+01
   2.13000   0.12656E+01
   2.14000   0.12546E+01
   2.15000   0.12438E+01
   2.16000   0.12333E+01
   2.17000   0.12230E+01
   2.18000   0.12129E+01
   2.19000   0.12031E+01
   2.20000   0.11935E+01
   2.21000   0.11842E+01
   2.22000   0.11751E+01
   2.23000   0.11662E+01
   2.24000   0.11575E+01
   2.25000   0.11491E+01
   2.26000   0.11409E+01
   2.27000   0.11329E+01
   2.28000   0.11251E+01
   2.29000   0.11175E+01
   2.30000   0.11102E+01
   2.31000   0.11030E+01
   2.32000   0.10961E+01
   2.33000   0.10893E+01
   2.34000   0.10827E+01
   2.35000   0.10764E+01
   2.36000   0.10702E+01
   2.37000   0.10642E+01
   2.38000   0.10584E+01
   2.39000   0.10527E+01
   2.40000   0.10472E+01
   2.41000   0.10420E+01
   2.42000   0.10368E+01
   2.43000   0.10319E+01
   2.44000   0.10271E+01
   2.45000   0.10225E+01
   2.46000   0.10180E+01
   2.47000   0.10137E+01
   2.48000   0.10096E+01
   2.49000   0.10056E+01
   2.50000   0.10018E+01
   2.51000   0.99809E+00
   2.52000   0.99457E+00
   2.53000   0.99120E+00
   2.54000   0.98798E+00
   2.55000   0.98491E+00
   2.56000   0.98199E+00
   2.57000   0.97922E+00
   2.58000   0.97661E+00
   2.59000   0.97414E+00
   2.60000   0.97182E+00
   2.61000   0.96966E+00
   2.62000   0.96765E+00
   2.63000   0.96579E+00
   2.64000   0.96409E+00
   2.65000   0.96254E+00
   2.66000   0.96114E+00
   2.67000   0.95991E+00
   2.68000   0.95884E+00
   2.69000   0.95792E+00
   2.70000   0.95718E+00
   2.71000   0.95660E+00
   2.72000   0.95618E+00
   2.73000   0.95594E+00
   2.74000   0.95587E+00
   2.75000   0.95598E+00
   2.76000   0.95626E+00
   2.77000   0.95673E+00
   2.78000   0.95738E+00
   2.79000   0.95822E+00
   2.80000   0.95925E+00
   2.81000   0.96048E+00
   2.82000   0.96190E+00
   2.83000   0.96352E+00
   2.84000   0.96534E+00
   2.85000   0.96737E+00
   2.86000   0.96961E+00
   2.87000   0.97206E+00
   2.88000   0.97472E+00
   2.89000   0.97761E+00
   2.90000   0.98071E+00
   2.91000   0.98403E+00
   2.92000   0.98758E+00
   2.93000   0.99135E+00
   2.94000   0.99536E+00
   2.95000   0.99959E+00
   2.96000   0.10041E+01
   2.97000   0.10087E+01
   2.98000   0.10137E+01
   2.99000   0.10188E+01
   3.00000   0.10242E+01
    
