  -3.00000   0.11569E+01
  -2.99000   0.11520E+01
  -2.98000   0.11472E+01
  -2.97000   0.11425E+01
  -2.96000   0.11378E+01
  -2.95000   0.11331E+01
  -2.94000   0.11285E+01
  -2.93000   0.11240E+01
  -2.92000   0.11195E+01
  -2.91000   0.11151E+01
  -2.90000   0.11107E+01
  -2.89000   0.11063E+01
  -2.88000   0.11020E+01
  -2.87000   0.10977E+01
  -2.86000   0.10935E+01
  -2.85000   0.10893E+01
  -2.84000   0.10851E+01
  -2.83000   0.10809E+01
  -2.82000   0.10768E+01
  -2.81000   0.10727E+01
  -2.80000   0.10687E+01
  -2.79000   0.10646E+01
  -2.78000   0.10606E+01
  -2.77000   0.10567E+01
  -2.76000   0.10527E+01
  -2.75000   0.10487E+01
  -2.74000   0.10448E+01
  -2.73000   0.10409E+01
  -2.72000   0.10370E+01
  -2.71000   0.10331E+01
  -2.70000   0.10292E+01
  -2.69000   0.10254E+01
  -2.68000   0.10215E+01
  -2.67000   0.10176E+01
  -2.66000   0.10138E+01
  -2.65000   0.10100E+01
  -2.64000   0.10061E+01
  -2.63000   0.10023E+01
  -2.62000   0.99842E+00
  -2.61000   0.99457E+00
  -2.60000   0.99072E+00
  -2.59000   0.98686E+00
  -2.58000   0.98300E+00
  -2.57000   0.97913E+00
  -2.56000   0.97525E+00
  -2.55000   0.97136E+00
  -2.54000   0.96746E+00
  -2.53000   0.96354E+00
  -2.52000   0.95961E+00
  -2.51000   0.95567E+00
  -2.50000   0.95171E+00
  -2.49000   0.94773E+00
  -2.48000   0.94374E+00
  -2.47000   0.93972E+00
  -2.46000   0.93569E+00
  -2.45000   0.93163E+00
  -2.44000   0.92755E+00
  -2.43000   0.92346E+00
  -2.42000   0.91933E+00
  -2.41000   0.91519E+00
  -2.40000   0.91102E+00
  -2.39000   0.90682E+00
  -2.38000   0.90260E+00
  -2.37000   0.89836E+00
  -2.36000   0.89409E+00
  -2.35000   0.88979E+00
  -2.34000   0.88547E+00
  -2.33000   0.88112E+00
  -2.32000   0.87674E+00
  -2.31000   0.87234E+00
  -2.30000   0.86791E+00
  -2.29000   0.86346E+00
  -2.28000   0.85898E+00
  -2.27000   0.85447E+00
  -2.26000   0.84994E+00
  -2.25000   0.84539E+00
  -2.24000   0.84081E+00
  -2.23000   0.83621E+00
  -2.22000   0.83158E+00
  -2.21000   0.82694E+00
  -2.20000   0.82227E+00
  -2.19000   0.81758E+00
  -2.18000   0.81287E+00
  -2.17000   0.80815E+00
  -2.16000   0.80341E+00
  -2.15000   0.79865E+00
  -2.14000   0.79388E+00
  -2.13000   0.78910E+00
  -2.12000   0.78430E+00
  -2.11000   0.77950E+00
  -2.10000   0.77469E+00
  -2.09000   0.76987E+00
  -2.08000   0.76505E+00
  -2.07000   0.76022E+00
  -2.06000   0.75539E+00
  -2.05000   0.75057E+00
  -2.04000   0.74574E+00
  -2.03000   0.74092E+00
  -2.02000   0.73611E+00
  -2.01000   0.73130E+00
  -2.00000   0.72650E+00
  -1.99000   0.72172E+00
  -1.98000   0.71695E+00
  -1.97000   0.71220E+00
  -1.96000   0.70746E+00
  -1.95000   0.70275E+00
  -1.94000   0.69806E+00
  -1.93000   0.69339E+00
  -1.92000   0.68874E+00
  -1.91000   0.68413E+00
  -1.90000   0.67954E+00
  -1.89000   0.67499E+00
  -1.88000   0.67047E+00
  -1.87000   0.66599E+00
  -1.86000   0.66154E+00
  -1.85000   0.65713E+00
  -1.84000   0.65276E+00
  -1.83000   0.64844E+00
  -1.82000   0.64415E+00
  -1.81000   0.63991E+00
  -1.80000   0.63572E+00
  -1.79000   0.63158E+00
  -1.78000   0.62748E+00
  -1.77000   0.62343E+00
  -1.76000   0.61943E+00
  -1.75000   0.61549E+00
  -1.74000   0.61159E+00
  -1.73000   0.60775E+00
  -1.72000   0.60396E+00
  -1.71000   0.60023E+00
  -1.70000   0.59655E+00
  -1.69000   0.59292E+00
  -1.68000   0.58935E+00
  -1.67000   0.58584E+00
  -1.66000   0.58238E+00
  -1.65000   0.57898E+00
  -1.64000   0.57563E+00
  -1.63000   0.57234E+00
  -1.62000   0.56911E+00
  -1.61000   0.56593E+00
  -1.60000   0.56280E+00
  -1.59000   0.55973E+00
  -1.58000   0.55671E+00
  -1.57000   0.55374E+00
  -1.56000   0.55083E+00
  -1.55000   0.54797E+00
  -1.54000   0.54516E+00
  -1.53000   0.54240E+00
  -1.52000   0.53969E+00
  -1.51000   0.53703E+00
  -1.50000   0.53442E+00
  -1.49000   0.53186E+00
  -1.48000   0.52934E+00
  -1.47000   0.52686E+00
  -1.46000   0.52443E+00
  -1.45000   0.52205E+00
  -1.44000   0.51970E+00
  -1.43000   0.51740E+00
  -1.42000   0.51513E+00
  -1.41000   0.51291E+00
  -1.40000   0.51072E+00
  -1.39000   0.50857E+00
  -1.38000   0.50646E+00
  -1.37000   0.50438E+00
  -1.36000   0.50233E+00
  -1.35000   0.50032E+00
  -1.34000   0.49834E+00
  -1.33000   0.49639E+00
  -1.32000   0.49446E+00
  -1.31000   0.49257E+00
  -1.30000   0.49070E+00
  -1.29000   0.48886E+00
  -1.28000   0.48704E+00
  -1.27000   0.48525E+00
  -1.26000   0.48348E+00
  -1.25000   0.48174E+00
  -1.24000   0.48001E+00
  -1.23000   0.47831E+00
  -1.22000   0.47663E+00
  -1.21000   0.47496E+00
  -1.20000   0.47332E+00
  -1.19000   0.47169E+00
  -1.18000   0.47008E+00
  -1.17000   0.46848E+00
  -1.16000   0.46691E+00
  -1.15000   0.46534E+00
  -1.14000   0.46379E+00
  -1.13000   0.46226E+00
  -1.12000   0.46073E+00
  -1.11000   0.45922E+00
  -1.10000   0.45772E+00
  -1.09000   0.45624E+00
  -1.08000   0.45477E+00
  -1.07000   0.45330E+00
  -1.06000   0.45185E+00
  -1.05000   0.45041E+00
  -1.04000   0.44898E+00
  -1.03000   0.44755E+00
  -1.02000   0.44614E+00
  -1.01000   0.44474E+00
  -1.00000   0.44335E+00
  -0.99000   0.44196E+00
  -0.98000   0.44059E+00
  -0.97000   0.43922E+00
  -0.96000   0.43787E+00
  -0.95000   0.43652E+00
  -0.94000   0.43519E+00
  -0.93000   0.43386E+00
  -0.92000   0.43255E+00
  -0.91000   0.43124E+00
  -0.90000   0.42995E+00
  -0.89000   0.42867E+00
  -0.88000   0.42740E+00
  -0.87000   0.42615E+00
  -0.86000   0.42490E+00
  -0.85000   0.42368E+00
  -0.84000   0.42247E+00
  -0.83000   0.42128E+00
  -0.82000   0.42011E+00
  -0.81000   0.41896E+00
  -0.80000   0.41783E+00
  -0.79000   0.41673E+00
  -0.78000   0.41564E+00
  -0.77000   0.41460E+00
  -0.76000   0.41358E+00
  -0.75000   0.41260E+00
  -0.74000   0.41165E+00
  -0.73000   0.41075E+00
  -0.72000   0.40989E+00
  -0.71000   0.40908E+00
  -0.70000   0.40833E+00
  -0.69000   0.40763E+00
  -0.68000   0.40700E+00
  -0.67000   0.40644E+00
  -0.66000   0.40596E+00
  -0.65000   0.40556E+00
  -0.64000   0.40525E+00
  -0.63000   0.40505E+00
  -0.62000   0.40495E+00
  -0.61000   0.40497E+00
  -0.60000   0.40512E+00
  -0.59000   0.40540E+00
  -0.58000   0.40584E+00
  -0.57000   0.40643E+00
  -0.56000   0.40719E+00
  -0.55000   0.40813E+00
  -0.54000   0.40926E+00
  -0.53000   0.41059E+00
  -0.52000   0.41214E+00
  -0.51000   0.41391E+00
  -0.50000   0.41592E+00
  -0.49000   0.41818E+00
  -0.48000   0.42068E+00
  -0.47000   0.42346E+00
  -0.46000   0.42651E+00
  -0.45000   0.42984E+00
  -0.44000   0.43346E+00
  -0.43000   0.43738E+00
  -0.42000   0.44160E+00
  -0.41000   0.44613E+00
  -0.40000   0.45097E+00
  -0.39000   0.45612E+00
  -0.38000   0.46159E+00
  -0.37000   0.46737E+00
  -0.36000   0.47346E+00
  -0.35000   0.47985E+00
  -0.34000   0.48656E+00
  -0.33000   0.49356E+00
  -0.32000   0.50086E+00
  -0.31000   0.50844E+00
  -0.30000   0.51631E+00
  -0.29000   0.52446E+00
  -0.28000   0.53287E+00
  -0.27000   0.54155E+00
  -0.26000   0.55048E+00
  -0.25000   0.55967E+00
  -0.24000   0.56909E+00
  -0.23000   0.57877E+00
  -0.22000   0.58868E+00
  -0.21000   0.59882E+00
  -0.20000   0.60919E+00
  -0.19000   0.61979E+00
  -0.18000   0.63061E+00
  -0.17000   0.64166E+00
  -0.16000   0.65291E+00
  -0.15000   0.66439E+00
  -0.14000   0.67609E+00
  -0.13000   0.68799E+00
  -0.12000   0.70011E+00
  -0.11000   0.71244E+00
  -0.10000   0.72497E+00
  -0.09000   0.73772E+00
  -0.08000   0.75069E+00
  -0.07000   0.76385E+00
  -0.06000   0.77723E+00
  -0.05000   0.79082E+00
  -0.04000   0.80461E+00
  -0.03000   0.81861E+00
  -0.02000   0.83282E+00
  -0.01000   0.84725E+00
   0.00000   0.86187E+00
   0.01000   0.87671E+00
   0.02000   0.89175E+00
   0.03000   0.90700E+00
   0.04000   0.92246E+00
   0.05000   0.93813E+00
   0.06000   0.95400E+00
   0.07000   0.97008E+00
   0.08000   0.98637E+00
   0.09000   0.10029E+01
   0.10000   0.10196E+01
   0.11000   0.10365E+01
   0.12000   0.10536E+01
   0.13000   0.10709E+01
   0.14000   0.10884E+01
   0.15000   0.11061E+01
   0.16000   0.11240E+01
   0.17000   0.11421E+01
   0.18000   0.11604E+01
   0.19000   0.11788E+01
   0.20000   0.11975E+01
   0.21000   0.12164E+01
   0.22000   0.12354E+01
   0.23000   0.12547E+01
   0.24000   0.12741E+01
   0.25000   0.12936E+01
   0.26000   0.13134E+01
   0.27000   0.13333E+01
   0.28000   0.13534E+01
   0.29000   0.13737E+01
   0.30000   0.13941E+01
   0.31000   0.14146E+01
   0.32000   0.14353E+01
   0.33000   0.14562E+01
   0.34000   0.14771E+01
   0.35000   0.14983E+01
   0.36000   0.15195E+01
   0.37000   0.15409E+01
   0.38000   0.15623E+01
   0.39000   0.15839E+01
   0.40000   0.16056E+01
   0.41000   0.16274E+01
   0.42000   0.16493E+01
   0.43000   0.16712E+01
   0.44000   0.16932E+01
   0.45000   0.17153E+01
   0.46000   0.17375E+01
   0.47000   0.17597E+01
   0.48000   0.17820E+01
   0.49000   0.18043E+01
   0.50000   0.18267E+01
   0.51000   0.18490E+01
   0.52000   0.18715E+01
   0.53000   0.18939E+01
   0.54000   0.19163E+01
   0.55000   0.19387E+01
   0.56000   0.19612E+01
   0.57000   0.19836E+01
   0.58000   0.20060E+01
   0.59000   0.20284E+01
   0.60000   0.20507E+01
   0.61000   0.20731E+01
   0.62000   0.20954E+01
   0.63000   0.21176E+01
   0.64000   0.21398E+01
   0.65000   0.21620E+01
   0.66000   0.21841E+01
   0.67000   0.22062E+01
   0.68000   0.22282E+01
   0.69000   0.22502E+01
   0.70000   0.22721E+01
   0.71000   0.22940E+01
   0.72000   0.23158E+01
   0.73000   0.23376E+01
   0.74000   0.23593E+01
   0.75000   0.23809E+01
   0.76000   0.24026E+01
   0.77000   0.24241E+01
   0.78000   0.24457E+01
   0.79000   0.24672E+01
   0.80000   0.24888E+01
   0.81000   0.25103E+01
   0.82000   0.25318E+01
   0.83000   0.25533E+01
   0.84000   0.25748E+01
   0.85000   0.25964E+01
   0.86000   0.26180E+01
   0.87000   0.26397E+01
   0.88000   0.26614E+01
   0.89000   0.26833E+01
   0.90000   0.27052E+01
   0.91000   0.27273E+01
   0.92000   0.27495E+01
   0.93000   0.27719E+01
   0.94000   0.27944E+01
   0.95000   0.28172E+01
   0.96000   0.28402E+01
   0.97000   0.28634E+01
   0.98000   0.28869E+01
   0.99000   0.29108E+01
   1.00000   0.29349E+01
   1.01000   0.29594E+01
   1.02000   0.29843E+01
   1.03000   0.30095E+01
   1.04000   0.30353E+01
   1.05000   0.30614E+01
   1.06000   0.30881E+01
   1.07000   0.31152E+01
   1.08000   0.31429E+01
   1.09000   0.31712E+01
   1.10000   0.32000E+01
   1.11000   0.32295E+01
   1.12000   0.32595E+01
   1.13000   0.32903E+01
   1.14000   0.33216E+01
   1.15000   0.33537E+01
   1.16000   0.33864E+01
   1.17000   0.34198E+01
   1.18000   0.34538E+01
   1.19000   0.34885E+01
   1.20000   0.35239E+01
   1.21000   0.35598E+01
   1.22000   0.35964E+01
   1.23000   0.36335E+01
   1.24000   0.36711E+01
   1.25000   0.37091E+01
   1.26000   0.37475E+01
   1.27000   0.37861E+01
   1.28000   0.38249E+01
   1.29000   0.38638E+01
   1.30000   0.39026E+01
   1.31000   0.39411E+01
   1.32000   0.39793E+01
   1.33000   0.40170E+01
   1.34000   0.40540E+01
   1.35000   0.40901E+01
   1.36000   0.41252E+01
   1.37000   0.41589E+01
   1.38000   0.41913E+01
   1.39000   0.42219E+01
   1.40000   0.42508E+01
   1.41000   0.42776E+01
   1.42000   0.43022E+01
   1.43000   0.43244E+01
   1.44000   0.43441E+01
   1.45000   0.43612E+01
   1.46000   0.43755E+01
   1.47000   0.43870E+01
   1.48000   0.43956E+01
   1.49000   0.44013E+01
   1.50000   0.44042E+01
   1.51000   0.44041E+01
   1.52000   0.44012E+01
   1.53000   0.43956E+01
   1.54000   0.43873E+01
   1.55000   0.43765E+01
   1.56000   0.43633E+01
   1.57000   0.43479E+01
   1.58000   0.43304E+01
   1.59000   0.43110E+01
   1.60000   0.42900E+01
   1.61000   0.42674E+01
   1.62000   0.42435E+01
   1.63000   0.42184E+01
   1.64000   0.41923E+01
   1.65000   0.41654E+01
   1.66000   0.41379E+01
   1.67000   0.41099E+01
   1.68000   0.40815E+01
   1.69000   0.40529E+01
   1.70000   0.40242E+01
   1.71000   0.39955E+01
   1.72000   0.39670E+01
   1.73000   0.39386E+01
   1.74000   0.39105E+01
   1.75000   0.38828E+01
   1.76000   0.38555E+01
   1.77000   0.38287E+01
   1.78000   0.38023E+01
   1.79000   0.37766E+01
   1.80000   0.37514E+01
   1.81000   0.37268E+01
   1.82000   0.37029E+01
   1.83000   0.36796E+01
   1.84000   0.36569E+01
   1.85000   0.36349E+01
   1.86000   0.36136E+01
   1.87000   0.35929E+01
   1.88000   0.35729E+01
   1.89000   0.35536E+01
   1.90000   0.35349E+01
   1.91000   0.35168E+01
   1.92000   0.34993E+01
   1.93000   0.34825E+01
   1.94000   0.34662E+01
   1.95000   0.34506E+01
   1.96000   0.34355E+01
   1.97000   0.34209E+01
   1.98000   0.34069E+01
   1.99000   0.33934E+01
   2.00000   0.33804E+01
   2.01000   0.33679E+01
   2.02000   0.33558E+01
   2.03000   0.33442E+01
   2.04000   0.33330E+01
   2.05000   0.33223E+01
   2.06000   0.33119E+01
   2.07000   0.33019E+01
   2.08000   0.32923E+01
   2.09000   0.32831E+01
   2.10000   0.32741E+01
   2.11000   0.32655E+01
   2.12000   0.32572E+01
   2.13000   0.32492E+01
   2.14000   0.32414E+01
   2.15000   0.32339E+01
   2.16000   0.32267E+01
   2.17000   0.32197E+01
   2.18000   0.32129E+01
   2.19000   0.32063E+01
   2.20000   0.32000E+01
   2.21000   0.31938E+01
   2.22000   0.31878E+01
   2.23000   0.31820E+01
   2.24000   0.31763E+01
   2.25000   0.31708E+01
   2.26000   0.31655E+01
   2.27000   0.31603E+01
   2.28000   0.31552E+01
   2.29000   0.31503E+01
   2.30000   0.31455E+01
   2.31000   0.31409E+01
   2.32000   0.31364E+01
   2.33000   0.31320E+01
   2.34000   0.31278E+01
   2.35000   0.31237E+01
   2.36000   0.31198E+01
   2.37000   0.31160E+01
   2.38000   0.31123E+01
   2.39000   0.31089E+01
   2.40000   0.31056E+01
   2.41000   0.31025E+01
   2.42000   0.30996E+01
   2.43000   0.30970E+01
   2.44000   0.30945E+01
   2.45000   0.30923E+01
   2.46000   0.30904E+01
   2.47000   0.30888E+01
   2.48000   0.30875E+01
   2.49000   0.30865E+01
   2.50000   0.30858E+01
   2.51000   0.30855E+01
   2.52000   0.30857E+01
   2.53000   0.30862E+01
   2.54000   0.30872E+01
   2.55000   0.30887E+01
   2.56000   0.30907E+01
   2.57000   0.30932E+01
   2.58000   0.30963E+01
   2.59000   0.30999E+01
   2.60000   0.31042E+01
   2.61000   0.31091E+01
   2.62000   0.31147E+01
   2.63000   0.31210E+01
   2.64000   0.31280E+01
   2.65000   0.31358E+01
   2.66000   0.31443E+01
   2.67000   0.31537E+01
   2.68000   0.31638E+01
   2.69000   0.31748E+01
   2.70000   0.31866E+01
   2.71000   0.31994E+01
   2.72000   0.32130E+01
   2.73000   0.32275E+01
   2.74000   0.32429E+01
   2.75000   0.32593E+01
   2.76000   0.32766E+01
   2.77000   0.32949E+01
   2.78000   0.33141E+01
   2.79000   0.33343E+01
   2.80000   0.33555E+01
   2.81000   0.33776E+01
   2.82000   0.34007E+01
   2.83000   0.34248E+01
   2.84000   0.34499E+01
   2.85000   0.34759E+01
   2.86000   0.35030E+01
   2.87000   0.35309E+01
   2.88000   0.35599E+01
   2.89000   0.35897E+01
   2.90000   0.36206E+01
   2.91000   0.36523E+01
   2.92000   0.36850E+01
   2.93000   0.37186E+01
   2.94000   0.37531E+01
   2.95000   0.37884E+01
   2.96000   0.38247E+01
   2.97000   0.38618E+01
   2.98000   0.38997E+01
   2.99000   0.39384E+01
   3.00000   0.39780E+01
